id_,opportunity,test_flag,opportunity_timestamp,num_impressions,num_clicks,total_spend
0,1,1,1546300822,0,2,110
1,1,1,1546300811,2,0,87
2,1,0,1546300832,0,0,0
3,1,1,1546300879,1,1,167
4,1,0,1546300839,0,0,0
5,0,0,0,0,0,0
6,0,0,0,0,0,0
7,1,0,1546300878,0,0,0
8,0,0,0,0,0,0
9,1,1,1546300858,1,2,180
10,0,0,0,0,0,0
11,0,0,0,0,0,0
12,0,0,0,0,0,0
13,0,0,0,0,0,0
14,0,0,0,0,0,0
15,0,0,0,0,0,0
16,1,0,1546300861,0,0,0
17,1,1,1546300834,2,1,652
18,0,0,0,0,0,0
19,1,1,1546300870,2,3,640
20,1,0,1546300815,0,0,0
21,1,1,1546300853,2,1,624
22,0,0,0,0,0,0
23,1,1,1546300896,3,4,460
24,0,0,0,0,0,0
25,0,0,0,0,0,0
26,0,0,0,0,0,0
27,0,0,0,0,0,0
28,1,0,1546300886,0,0,0
29,1,1,1546300817,4,3,432
30,0,0,0,0,0,0
31,1,0,1546300847,0,0,0
32,0,0,0,0,0,0
33,1,0,1546300821,0,0,0
34,0,0,0,0,0,0
35,1,0,1546300878,0,0,0
36,0,0,0,0,0,0
37,0,0,0,0,0,0
38,1,0,1546300848,0,0,0
39,1,0,1546300863,0,0,0
40,1,1,1546300837,1,0,761
41,0,0,0,0,0,0
42,1,1,1546300830,1,3,151
43,1,0,1546300865,0,0,0
44,0,0,0,0,0,0
45,1,1,1546300853,2,1,842
46,1,0,1546300871,0,0,0
47,1,1,1546300882,1,0,662
48,1,1,1546300884,3,3,403
49,0,0,0,0,0,0
50,0,0,0,0,0,0
51,0,0,0,0,0,0
52,0,0,0,0,0,0
53,0,0,0,0,0,0
54,0,0,0,0,0,0
55,0,0,0,0,0,0
56,0,0,0,0,0,0
57,1,0,1546300898,0,0,0
58,1,1,1546300866,0,0,88
59,1,0,1546300806,0,0,0
60,1,0,1546300865,0,0,0
61,0,0,0,0,0,0
62,1,0,1546300894,0,0,0
63,0,0,0,0,0,0
64,1,1,1546300870,0,0,506
65,1,1,1546300888,4,3,733
66,0,0,0,0,0,0
67,1,0,1546300804,0,0,0
68,0,0,0,0,0,0
69,1,0,1546300825,0,0,0
70,0,0,0,0,0,0
71,1,1,1546300855,0,4,861
72,0,0,0,0,0,0
73,1,0,1546300846,0,0,0
74,1,0,1546300831,0,0,0
75,1,1,1546300813,4,0,612
76,0,0,0,0,0,0
77,0,0,0,0,0,0
78,0,0,0,0,0,0
79,1,1,1546300881,4,1,393
80,1,0,1546300899,0,0,0
81,1,1,1546300894,3,3,918
82,0,0,0,0,0,0
83,1,1,1546300836,2,0,893
84,0,0,0,0,0,0
85,0,0,0,0,0,0
86,0,0,0,0,0,0
87,1,1,1546300870,3,0,963
88,1,1,1546300864,0,3,436
89,0,0,0,0,0,0
90,1,1,1546300819,1,1,698
91,1,0,1546300816,0,0,0
92,1,0,1546300874,0,0,0
93,0,0,0,0,0,0
94,1,0,1546300811,0,0,0
95,1,1,1546300845,3,2,704
96,1,1,1546300843,3,4,270
97,1,0,1546300803,0,0,0
98,0,0,0,0,0,0
99,0,0,0,0,0,0
100,0,0,0,0,0,0
101,0,0,0,0,0,0
102,0,0,0,0,0,0
103,0,0,0,0,0,0
104,1,0,1546300844,0,0,0
105,1,1,1546300868,4,0,668
106,1,1,1546300895,0,3,67
107,0,0,0,0,0,0
108,1,0,1546300830,0,0,0
109,0,0,0,0,0,0
110,0,0,0,0,0,0
111,1,1,1546300891,2,1,390
112,0,0,0,0,0,0
113,1,1,1546300846,4,2,197
114,0,0,0,0,0,0
115,0,0,0,0,0,0
116,1,0,1546300838,0,0,0
117,0,0,0,0,0,0
118,1,0,1546300822,0,0,0
119,1,0,1546300875,0,0,0
120,0,0,0,0,0,0
121,0,0,0,0,0,0
122,1,1,1546300840,4,3,843
123,0,0,0,0,0,0
124,1,0,1546300875,0,0,0
125,0,0,0,0,0,0
126,0,0,0,0,0,0
127,1,1,1546300805,0,4,568
128,0,0,0,0,0,0
129,0,0,0,0,0,0
130,1,1,1546300845,0,1,282
131,1,0,1546300805,0,0,0
132,1,0,1546300877,0,0,0
133,0,0,0,0,0,0
134,0,0,0,0,0,0
135,1,1,1546300833,3,4,113
136,1,0,1546300856,0,0,0
137,1,1,1546300821,1,0,356
138,1,0,1546300845,0,0,0
139,0,0,0,0,0,0
140,1,0,1546300815,0,0,0
141,1,1,1546300889,3,3,696
142,0,0,0,0,0,0
143,1,0,1546300825,0,0,0
144,0,0,0,0,0,0
145,0,0,0,0,0,0
146,0,0,0,0,0,0
147,0,0,0,0,0,0
148,0,0,0,0,0,0
149,1,1,1546300891,1,1,305
150,0,0,0,0,0,0
151,1,1,1546300844,0,2,569
152,0,0,0,0,0,0
153,0,0,0,0,0,0
154,0,0,0,0,0,0
155,0,0,0,0,0,0
156,1,1,1546300817,1,4,882
157,0,0,0,0,0,0
158,0,0,0,0,0,0
159,0,0,0,0,0,0
160,1,1,1546300802,2,1,321
161,0,0,0,0,0,0
162,1,0,1546300861,0,0,0
163,1,1,1546300803,3,2,666
164,0,0,0,0,0,0
165,1,1,1546300822,3,0,968
166,0,0,0,0,0,0
167,1,1,1546300830,3,0,190
168,1,0,1546300896,0,0,0
169,1,0,1546300876,0,0,0
170,1,0,1546300860,0,0,0
171,0,0,0,0,0,0
172,1,1,1546300876,0,2,715
173,0,0,0,0,0,0
174,0,0,0,0,0,0
175,1,1,1546300878,2,2,120
176,1,1,1546300876,3,4,334
177,1,1,1546300873,4,3,888
178,1,1,1546300821,4,0,446
179,0,0,0,0,0,0
180,1,0,1546300844,0,0,0
181,1,0,1546300805,0,0,0
182,0,0,0,0,0,0
183,1,0,1546300875,0,0,0
184,0,0,0,0,0,0
185,1,0,1546300846,0,0,0
186,0,0,0,0,0,0
187,0,0,0,0,0,0
188,0,0,0,0,0,0
189,0,0,0,0,0,0
190,0,0,0,0,0,0
191,0,0,0,0,0,0
192,1,0,1546300868,0,0,0
193,1,0,1546300843,0,0,0
194,0,0,0,0,0,0
195,0,0,0,0,0,0
196,0,0,0,0,0,0
197,1,0,1546300893,0,0,0
198,0,0,0,0,0,0
199,0,0,0,0,0,0
200,0,0,0,0,0,0
201,0,0,0,0,0,0
202,1,1,1546300806,3,3,768
203,1,0,1546300817,0,0,0
204,1,0,1546300876,0,0,0
205,0,0,0,0,0,0
206,0,0,0,0,0,0
207,1,1,1546300837,0,0,334
208,1,1,1546300846,2,1,702
209,1,0,1546300896,0,0,0
210,0,0,0,0,0,0
211,1,0,1546300894,0,0,0
212,1,1,1546300859,4,3,86
213,0,0,0,0,0,0
214,1,0,1546300881,0,0,0
215,1,0,1546300898,0,0,0
216,0,0,0,0,0,0
217,0,0,0,0,0,0
218,0,0,0,0,0,0
219,1,1,1546300813,3,1,185
220,1,1,1546300847,3,0,877
221,1,1,1546300820,4,2,740
222,0,0,0,0,0,0
223,1,1,1546300812,0,2,918
224,0,0,0,0,0,0
225,0,0,0,0,0,0
226,1,0,1546300815,0,0,0
227,1,0,1546300813,0,0,0
228,1,0,1546300882,0,0,0
229,1,1,1546300877,0,1,248
230,1,0,1546300863,0,0,0
231,0,0,0,0,0,0
232,1,0,1546300854,0,0,0
233,0,0,0,0,0,0
234,1,0,1546300877,0,0,0
235,0,0,0,0,0,0
236,1,1,1546300872,3,4,530
237,0,0,0,0,0,0
238,1,1,1546300888,3,1,306
239,1,1,1546300848,1,1,175
240,0,0,0,0,0,0
241,0,0,0,0,0,0
242,1,0,1546300877,0,0,0
243,0,0,0,0,0,0
244,0,0,0,0,0,0
245,0,0,0,0,0,0
246,0,0,0,0,0,0
247,0,0,0,0,0,0
248,1,1,1546300854,0,0,429
249,0,0,0,0,0,0
250,1,0,1546300834,0,0,0
251,1,0,1546300841,0,0,0
252,1,0,1546300872,0,0,0
253,1,1,1546300861,4,3,860
254,0,0,0,0,0,0
255,0,0,0,0,0,0
256,1,1,1546300804,4,4,715
257,1,0,1546300831,0,0,0
258,1,0,1546300840,0,0,0
259,1,0,1546300831,0,0,0
260,1,0,1546300879,0,0,0
261,0,0,0,0,0,0
262,1,0,1546300875,0,0,0
263,1,1,1546300814,4,4,488
264,1,0,1546300827,0,0,0
265,1,0,1546300854,0,0,0
266,1,0,1546300802,0,0,0
267,1,0,1546300864,0,0,0
268,1,1,1546300825,0,2,504
269,1,0,1546300885,0,0,0
270,1,1,1546300884,4,0,998
271,0,0,0,0,0,0
272,0,0,0,0,0,0
273,0,0,0,0,0,0
274,1,1,1546300821,2,1,483
275,1,0,1546300820,0,0,0
276,1,0,1546300866,0,0,0
277,0,0,0,0,0,0
278,1,0,1546300860,0,0,0
279,1,0,1546300811,0,0,0
280,1,0,1546300855,0,0,0
281,1,1,1546300824,2,0,537
282,1,0,1546300862,0,0,0
283,0,0,0,0,0,0
284,1,1,1546300891,1,1,688
285,1,1,1546300863,2,3,596
286,0,0,0,0,0,0
287,0,0,0,0,0,0
288,0,0,0,0,0,0
289,0,0,0,0,0,0
290,1,1,1546300832,3,2,330
291,0,0,0,0,0,0
292,1,0,1546300819,0,0,0
293,0,0,0,0,0,0
294,1,0,1546300873,0,0,0
295,0,0,0,0,0,0
296,0,0,0,0,0,0
297,0,0,0,0,0,0
298,0,0,0,0,0,0
299,0,0,0,0,0,0
300,0,0,0,0,0,0
301,1,1,1546300805,2,4,788
302,1,1,1546300882,4,4,936
303,1,1,1546300827,1,1,312
304,0,0,0,0,0,0
305,1,1,1546300873,0,2,937
306,0,0,0,0,0,0
307,0,0,0,0,0,0
308,0,0,0,0,0,0
309,1,0,1546300826,0,0,0
310,0,0,0,0,0,0
311,1,1,1546300881,4,0,100
312,0,0,0,0,0,0
313,1,0,1546300857,0,0,0
314,1,0,1546300817,0,0,0
315,1,0,1546300862,0,0,0
316,0,0,0,0,0,0
317,1,1,1546300812,4,4,50
318,1,1,1546300820,2,0,44
319,1,0,1546300862,0,0,0
320,1,0,1546300818,0,0,0
321,0,0,0,0,0,0
322,1,0,1546300860,0,0,0
323,1,0,1546300856,0,0,0
324,1,0,1546300885,0,0,0
325,0,0,0,0,0,0
326,0,0,0,0,0,0
327,0,0,0,0,0,0
328,1,1,1546300808,1,0,949
329,0,0,0,0,0,0
330,0,0,0,0,0,0
331,1,1,1546300826,2,0,344
332,1,0,1546300859,0,0,0
333,0,0,0,0,0,0
334,1,1,1546300871,3,1,750
335,1,1,1546300849,1,2,821
336,1,0,1546300811,0,0,0
337,0,0,0,0,0,0
338,1,0,1546300820,0,0,0
339,1,1,1546300846,3,4,626
340,0,0,0,0,0,0
341,1,0,1546300828,0,0,0
342,1,0,1546300883,0,0,0
343,1,1,1546300854,2,3,867
344,0,0,0,0,0,0
345,0,0,0,0,0,0
346,1,1,1546300849,1,4,504
347,0,0,0,0,0,0
348,1,1,1546300863,4,4,481
349,1,0,1546300822,0,0,0
350,0,0,0,0,0,0
351,1,0,1546300811,0,0,0
352,1,0,1546300828,0,0,0
353,1,1,1546300814,1,1,898
354,0,0,0,0,0,0
355,0,0,0,0,0,0
356,0,0,0,0,0,0
357,0,0,0,0,0,0
358,1,0,1546300844,0,0,0
359,0,0,0,0,0,0
360,1,0,1546300826,0,0,0
361,1,0,1546300810,0,0,0
362,1,0,1546300874,0,0,0
363,1,1,1546300888,0,2,400
364,1,1,1546300807,2,0,746
365,1,0,1546300896,0,0,0
366,0,0,0,0,0,0
367,0,0,0,0,0,0
368,0,0,0,0,0,0
369,1,0,1546300882,0,0,0
370,0,0,0,0,0,0
371,1,0,1546300871,0,0,0
372,1,1,1546300890,4,3,691
373,1,0,1546300892,0,0,0
374,1,0,1546300831,0,0,0
375,1,1,1546300807,4,1,178
376,0,0,0,0,0,0
377,0,0,0,0,0,0
378,0,0,0,0,0,0
379,1,0,1546300889,0,0,0
380,0,0,0,0,0,0
381,0,0,0,0,0,0
382,1,1,1546300803,2,4,12
383,1,0,1546300825,0,0,0
384,0,0,0,0,0,0
385,0,0,0,0,0,0
386,0,0,0,0,0,0
387,1,0,1546300832,0,0,0
388,1,1,1546300807,4,4,518
389,0,0,0,0,0,0
390,0,0,0,0,0,0
391,0,0,0,0,0,0
392,1,1,1546300845,0,4,954
393,0,0,0,0,0,0
394,1,0,1546300863,0,0,0
395,0,0,0,0,0,0
396,1,1,1546300884,1,4,165
397,1,0,1546300812,0,0,0
398,1,1,1546300851,3,2,349
399,1,1,1546300870,2,4,879
400,0,0,0,0,0,0
401,0,0,0,0,0,0
402,1,0,1546300856,0,0,0
403,0,0,0,0,0,0
404,1,0,1546300837,0,0,0
405,0,0,0,0,0,0
406,0,0,0,0,0,0
407,1,1,1546300887,3,1,168
408,0,0,0,0,0,0
409,0,0,0,0,0,0
410,0,0,0,0,0,0
411,1,1,1546300831,1,3,246
412,0,0,0,0,0,0
413,0,0,0,0,0,0
414,0,0,0,0,0,0
415,1,1,1546300854,2,3,46
416,0,0,0,0,0,0
417,0,0,0,0,0,0
418,1,0,1546300864,0,0,0
419,0,0,0,0,0,0
420,0,0,0,0,0,0
421,0,0,0,0,0,0
422,1,0,1546300825,0,0,0
423,0,0,0,0,0,0
424,1,0,1546300888,0,0,0
425,0,0,0,0,0,0
426,0,0,0,0,0,0
427,0,0,0,0,0,0
428,1,1,1546300878,1,1,965
429,1,1,1546300877,2,4,65
430,0,0,0,0,0,0
431,1,0,1546300896,0,0,0
432,1,1,1546300805,4,3,316
433,0,0,0,0,0,0
434,1,0,1546300842,0,0,0
435,0,0,0,0,0,0
436,1,1,1546300829,1,4,253
437,1,0,1546300801,0,0,0
438,0,0,0,0,0,0
439,0,0,0,0,0,0
440,1,1,1546300809,1,4,61
441,1,1,1546300869,1,3,147
442,0,0,0,0,0,0
443,1,0,1546300853,0,0,0
444,0,0,0,0,0,0
445,0,0,0,0,0,0
446,0,0,0,0,0,0
447,0,0,0,0,0,0
448,0,0,0,0,0,0
449,1,1,1546300839,0,1,883
450,0,0,0,0,0,0
451,1,0,1546300883,0,0,0
452,1,0,1546300866,0,0,0
453,0,0,0,0,0,0
454,0,0,0,0,0,0
455,1,1,1546300812,3,3,796
456,1,0,1546300894,0,0,0
457,1,0,1546300841,0,0,0
458,1,1,1546300836,2,4,966
459,1,0,1546300897,0,0,0
460,1,1,1546300880,4,2,319
461,1,1,1546300862,3,4,923
462,0,0,0,0,0,0
463,0,0,0,0,0,0
464,0,0,0,0,0,0
465,0,0,0,0,0,0
466,1,1,1546300807,3,4,308
467,1,1,1546300807,4,3,807
468,1,1,1546300834,0,0,24
469,1,1,1546300860,3,2,523
470,1,1,1546300839,1,3,37
471,1,1,1546300803,2,4,749
472,0,0,0,0,0,0
473,1,0,1546300891,0,0,0
474,0,0,0,0,0,0
475,1,0,1546300875,0,0,0
476,1,1,1546300896,2,0,674
477,0,0,0,0,0,0
478,1,0,1546300851,0,0,0
479,1,1,1546300815,0,4,62
480,0,0,0,0,0,0
481,1,1,1546300894,4,2,282
482,0,0,0,0,0,0
483,1,0,1546300802,0,0,0
484,0,0,0,0,0,0
485,1,0,1546300858,0,0,0
486,1,1,1546300876,1,0,357
487,0,0,0,0,0,0
488,0,0,0,0,0,0
489,1,1,1546300890,1,1,167
490,1,0,1546300845,0,0,0
491,1,0,1546300852,0,0,0
492,1,0,1546300885,0,0,0
493,1,1,1546300894,1,0,347
494,0,0,0,0,0,0
495,0,0,0,0,0,0
496,1,1,1546300871,0,4,105
497,0,0,0,0,0,0
498,0,0,0,0,0,0
499,0,0,0,0,0,0
500,0,0,0,0,0,0
501,0,0,0,0,0,0
502,0,0,0,0,0,0
503,0,0,0,0,0,0
504,0,0,0,0,0,0
505,0,0,0,0,0,0
506,1,0,1546300808,0,0,0
507,1,1,1546300849,4,1,15
508,0,0,0,0,0,0
509,0,0,0,0,0,0
510,0,0,0,0,0,0
511,0,0,0,0,0,0
512,1,0,1546300818,0,0,0
513,1,1,1546300828,2,1,138
514,0,0,0,0,0,0
515,0,0,0,0,0,0
516,0,0,0,0,0,0
517,1,0,1546300880,0,0,0
518,0,0,0,0,0,0
519,1,0,1546300859,0,0,0
520,1,1,1546300802,2,1,881
521,0,0,0,0,0,0
522,0,0,0,0,0,0
523,0,0,0,0,0,0
524,0,0,0,0,0,0
525,1,0,1546300817,0,0,0
526,1,1,1546300893,0,4,388
527,0,0,0,0,0,0
528,0,0,0,0,0,0
529,1,0,1546300819,0,0,0
530,0,0,0,0,0,0
531,0,0,0,0,0,0
532,0,0,0,0,0,0
533,1,0,1546300849,0,0,0
534,1,1,1546300808,3,0,870
535,1,1,1546300850,3,0,915
536,0,0,0,0,0,0
537,0,0,0,0,0,0
538,0,0,0,0,0,0
539,0,0,0,0,0,0
540,0,0,0,0,0,0
541,0,0,0,0,0,0
542,0,0,0,0,0,0
543,1,1,1546300860,3,0,844
544,1,0,1546300859,0,0,0
545,1,1,1546300881,2,4,718
546,0,0,0,0,0,0
547,1,1,1546300846,4,0,465
548,0,0,0,0,0,0
549,0,0,0,0,0,0
550,0,0,0,0,0,0
551,1,0,1546300887,0,0,0
552,1,0,1546300893,0,0,0
553,0,0,0,0,0,0
554,0,0,0,0,0,0
555,0,0,0,0,0,0
556,1,0,1546300867,0,0,0
557,0,0,0,0,0,0
558,0,0,0,0,0,0
559,0,0,0,0,0,0
560,0,0,0,0,0,0
561,1,0,1546300801,0,0,0
562,1,0,1546300859,0,0,0
563,1,1,1546300827,1,3,824
564,1,0,1546300810,0,0,0
565,1,1,1546300857,0,3,286
566,0,0,0,0,0,0
567,0,0,0,0,0,0
568,0,0,0,0,0,0
569,0,0,0,0,0,0
570,0,0,0,0,0,0
571,0,0,0,0,0,0
572,0,0,0,0,0,0
573,0,0,0,0,0,0
574,1,0,1546300880,0,0,0
575,1,0,1546300823,0,0,0
576,1,1,1546300821,4,0,174
577,1,0,1546300877,0,0,0
578,1,1,1546300880,4,1,733
579,0,0,0,0,0,0
580,1,0,1546300854,0,0,0
581,1,0,1546300827,0,0,0
582,0,0,0,0,0,0
583,1,1,1546300851,4,3,233
584,0,0,0,0,0,0
585,1,0,1546300871,0,0,0
586,0,0,0,0,0,0
587,1,1,1546300808,3,3,2
588,0,0,0,0,0,0
589,0,0,0,0,0,0
590,0,0,0,0,0,0
591,0,0,0,0,0,0
592,0,0,0,0,0,0
593,1,1,1546300864,4,2,95
594,0,0,0,0,0,0
595,0,0,0,0,0,0
596,1,1,1546300813,0,4,676
597,0,0,0,0,0,0
598,0,0,0,0,0,0
599,1,1,1546300806,4,0,555
600,0,0,0,0,0,0
601,1,1,1546300859,2,1,308
602,1,1,1546300898,2,1,778
603,1,1,1546300851,1,2,601
604,0,0,0,0,0,0
605,1,1,1546300835,2,4,282
606,0,0,0,0,0,0
607,1,1,1546300881,2,3,11
608,1,0,1546300809,0,0,0
609,1,1,1546300801,0,1,590
610,0,0,0,0,0,0
611,1,1,1546300859,0,3,708
612,1,0,1546300894,0,0,0
613,0,0,0,0,0,0
614,1,1,1546300850,1,2,282
615,0,0,0,0,0,0
616,1,1,1546300823,0,3,945
617,1,0,1546300867,0,0,0
618,1,0,1546300806,0,0,0
619,0,0,0,0,0,0
620,1,1,1546300832,1,2,507
621,0,0,0,0,0,0
622,1,1,1546300866,3,2,683
623,0,0,0,0,0,0
624,1,1,1546300817,1,4,904
625,0,0,0,0,0,0
626,0,0,0,0,0,0
627,0,0,0,0,0,0
628,0,0,0,0,0,0
629,0,0,0,0,0,0
630,0,0,0,0,0,0
631,0,0,0,0,0,0
632,0,0,0,0,0,0
633,1,1,1546300892,3,3,64
634,1,0,1546300825,0,0,0
635,1,0,1546300853,0,0,0
636,1,0,1546300818,0,0,0
637,1,1,1546300829,4,4,578
638,1,0,1546300817,0,0,0
639,1,0,1546300871,0,0,0
640,0,0,0,0,0,0
641,1,0,1546300894,0,0,0
642,1,1,1546300803,4,1,92
643,1,0,1546300815,0,0,0
644,1,1,1546300867,4,3,892
645,0,0,0,0,0,0
646,0,0,0,0,0,0
647,0,0,0,0,0,0
648,0,0,0,0,0,0
649,1,1,1546300857,1,0,49
650,0,0,0,0,0,0
651,0,0,0,0,0,0
652,0,0,0,0,0,0
653,0,0,0,0,0,0
654,1,0,1546300856,0,0,0
655,1,1,1546300852,1,0,719
656,0,0,0,0,0,0
657,1,0,1546300844,0,0,0
658,1,1,1546300833,0,0,606
659,1,0,1546300832,0,0,0
660,0,0,0,0,0,0
661,1,0,1546300874,0,0,0
662,0,0,0,0,0,0
663,1,1,1546300880,1,3,821
664,0,0,0,0,0,0
665,1,1,1546300893,4,1,172
666,1,1,1546300857,3,2,43
667,1,1,1546300851,2,4,60
668,1,1,1546300888,1,4,435
669,0,0,0,0,0,0
670,1,1,1546300825,3,3,545
671,1,0,1546300898,0,0,0
672,0,0,0,0,0,0
673,1,1,1546300887,3,0,984
674,1,0,1546300810,0,0,0
675,0,0,0,0,0,0
676,0,0,0,0,0,0
677,0,0,0,0,0,0
678,1,0,1546300889,0,0,0
679,0,0,0,0,0,0
680,1,0,1546300858,0,0,0
681,1,1,1546300845,4,3,634
682,0,0,0,0,0,0
683,1,1,1546300845,4,3,229
684,0,0,0,0,0,0
685,0,0,0,0,0,0
686,1,0,1546300822,0,0,0
687,0,0,0,0,0,0
688,1,0,1546300801,0,0,0
689,0,0,0,0,0,0
690,0,0,0,0,0,0
691,0,0,0,0,0,0
692,0,0,0,0,0,0
693,1,0,1546300829,0,0,0
694,1,0,1546300867,0,0,0
695,0,0,0,0,0,0
696,0,0,0,0,0,0
697,1,1,1546300841,1,4,116
698,1,0,1546300851,0,0,0
699,1,1,1546300811,1,4,636
700,1,0,1546300862,0,0,0
701,0,0,0,0,0,0
702,0,0,0,0,0,0
703,0,0,0,0,0,0
704,1,0,1546300815,0,0,0
705,0,0,0,0,0,0
706,0,0,0,0,0,0
707,1,1,1546300821,0,4,40
708,0,0,0,0,0,0
709,1,0,1546300816,0,0,0
710,0,0,0,0,0,0
711,1,0,1546300806,0,0,0
712,1,1,1546300820,3,4,14
713,1,0,1546300856,0,0,0
714,0,0,0,0,0,0
715,0,0,0,0,0,0
716,1,1,1546300897,3,3,612
717,1,0,1546300891,0,0,0
718,1,1,1546300895,1,3,323
719,1,0,1546300803,0,0,0
720,0,0,0,0,0,0
721,1,0,1546300871,0,0,0
722,0,0,0,0,0,0
723,1,0,1546300875,0,0,0
724,1,0,1546300832,0,0,0
725,0,0,0,0,0,0
726,1,0,1546300835,0,0,0
727,1,1,1546300867,2,2,499
728,0,0,0,0,0,0
729,1,1,1546300864,3,0,527
730,1,1,1546300865,4,3,148
731,1,0,1546300882,0,0,0
732,0,0,0,0,0,0
733,1,1,1546300802,4,3,787
734,1,1,1546300835,3,4,568
735,0,0,0,0,0,0
736,0,0,0,0,0,0
737,1,0,1546300851,0,0,0
738,1,0,1546300876,0,0,0
739,1,0,1546300887,0,0,0
740,1,0,1546300869,0,0,0
741,0,0,0,0,0,0
742,0,0,0,0,0,0
743,1,0,1546300807,0,0,0
744,0,0,0,0,0,0
745,1,1,1546300858,4,4,708
746,1,1,1546300877,2,1,673
747,1,0,1546300836,0,0,0
748,1,1,1546300802,0,0,545
749,0,0,0,0,0,0
750,1,0,1546300824,0,0,0
751,0,0,0,0,0,0
752,0,0,0,0,0,0
753,0,0,0,0,0,0
754,0,0,0,0,0,0
755,0,0,0,0,0,0
756,0,0,0,0,0,0
757,0,0,0,0,0,0
758,0,0,0,0,0,0
759,1,0,1546300834,0,0,0
760,0,0,0,0,0,0
761,0,0,0,0,0,0
762,0,0,0,0,0,0
763,0,0,0,0,0,0
764,0,0,0,0,0,0
765,0,0,0,0,0,0
766,0,0,0,0,0,0
767,0,0,0,0,0,0
768,0,0,0,0,0,0
769,0,0,0,0,0,0
770,1,1,1546300817,0,1,376
771,1,1,1546300873,2,1,482
772,0,0,0,0,0,0
773,1,0,1546300821,0,0,0
774,0,0,0,0,0,0
775,1,1,1546300819,4,1,412
776,0,0,0,0,0,0
777,1,0,1546300872,0,0,0
778,0,0,0,0,0,0
779,1,1,1546300865,3,0,928
780,1,1,1546300807,4,1,264
781,0,0,0,0,0,0
782,0,0,0,0,0,0
783,1,1,1546300823,4,1,413
784,1,1,1546300825,3,3,478
785,1,1,1546300825,3,0,619
786,1,1,1546300867,4,1,677
787,0,0,0,0,0,0
788,1,1,1546300899,3,1,926
789,0,0,0,0,0,0
790,0,0,0,0,0,0
791,0,0,0,0,0,0
792,1,0,1546300818,0,0,0
793,1,1,1546300889,2,0,38
794,0,0,0,0,0,0
795,0,0,0,0,0,0
796,1,1,1546300837,2,4,748
797,1,0,1546300879,0,0,0
798,1,1,1546300818,1,3,132
799,0,0,0,0,0,0
800,1,0,1546300869,0,0,0
801,0,0,0,0,0,0
802,0,0,0,0,0,0
803,0,0,0,0,0,0
804,1,0,1546300822,0,0,0
805,0,0,0,0,0,0
806,0,0,0,0,0,0
807,0,0,0,0,0,0
808,1,1,1546300809,3,4,552
809,0,0,0,0,0,0
810,0,0,0,0,0,0
811,0,0,0,0,0,0
812,1,1,1546300819,4,0,63
813,0,0,0,0,0,0
814,0,0,0,0,0,0
815,1,1,1546300842,3,1,891
816,0,0,0,0,0,0
817,1,1,1546300844,4,1,709
818,0,0,0,0,0,0
819,0,0,0,0,0,0
820,1,0,1546300811,0,0,0
821,1,1,1546300845,0,3,709
822,0,0,0,0,0,0
823,0,0,0,0,0,0
824,0,0,0,0,0,0
825,1,0,1546300874,0,0,0
826,0,0,0,0,0,0
827,0,0,0,0,0,0
828,1,0,1546300870,0,0,0
829,1,1,1546300841,2,1,885
830,1,0,1546300851,0,0,0
831,1,1,1546300885,2,1,491
832,1,1,1546300803,2,0,146
833,0,0,0,0,0,0
834,1,0,1546300858,0,0,0
835,1,0,1546300812,0,0,0
836,1,0,1546300818,0,0,0
837,1,0,1546300867,0,0,0
838,0,0,0,0,0,0
839,0,0,0,0,0,0
840,0,0,0,0,0,0
841,0,0,0,0,0,0
842,1,1,1546300865,2,2,228
843,1,1,1546300805,1,4,485
844,1,1,1546300855,4,0,933
845,1,1,1546300810,1,2,328
846,0,0,0,0,0,0
847,1,0,1546300844,0,0,0
848,0,0,0,0,0,0
849,1,0,1546300870,0,0,0
850,0,0,0,0,0,0
851,1,0,1546300812,0,0,0
852,1,0,1546300864,0,0,0
853,0,0,0,0,0,0
854,1,1,1546300891,0,0,409
855,1,1,1546300837,2,3,601
856,0,0,0,0,0,0
857,0,0,0,0,0,0
858,0,0,0,0,0,0
859,1,1,1546300830,0,2,229
860,1,1,1546300803,0,0,171
861,1,0,1546300807,0,0,0
862,0,0,0,0,0,0
863,1,1,1546300871,3,1,717
864,1,1,1546300871,2,2,718
865,1,0,1546300833,0,0,0
866,0,0,0,0,0,0
867,0,0,0,0,0,0
868,0,0,0,0,0,0
869,1,1,1546300838,1,1,657
870,0,0,0,0,0,0
871,1,0,1546300894,0,0,0
872,0,0,0,0,0,0
873,1,1,1546300870,1,4,418
874,1,1,1546300896,4,3,394
875,0,0,0,0,0,0
876,0,0,0,0,0,0
877,1,0,1546300822,0,0,0
878,1,0,1546300845,0,0,0
879,0,0,0,0,0,0
880,1,0,1546300817,0,0,0
881,1,0,1546300862,0,0,0
882,1,0,1546300816,0,0,0
883,0,0,0,0,0,0
884,0,0,0,0,0,0
885,0,0,0,0,0,0
886,0,0,0,0,0,0
887,0,0,0,0,0,0
888,1,1,1546300850,0,4,894
889,1,1,1546300863,2,3,474
890,1,1,1546300887,1,3,737
891,1,0,1546300865,0,0,0
892,1,0,1546300841,0,0,0
893,1,1,1546300833,1,0,279
894,1,1,1546300853,1,4,541
895,1,0,1546300813,0,0,0
896,0,0,0,0,0,0
897,1,1,1546300841,4,0,582
898,0,0,0,0,0,0
899,0,0,0,0,0,0
900,1,0,1546300869,0,0,0
901,0,0,0,0,0,0
902,1,0,1546300871,0,0,0
903,1,0,1546300863,0,0,0
904,1,1,1546300831,4,3,668
905,0,0,0,0,0,0
906,0,0,0,0,0,0
907,1,0,1546300848,0,0,0
908,0,0,0,0,0,0
909,1,1,1546300852,2,4,576
910,0,0,0,0,0,0
911,1,1,1546300807,2,2,984
912,1,0,1546300817,0,0,0
913,0,0,0,0,0,0
914,0,0,0,0,0,0
915,0,0,0,0,0,0
916,1,0,1546300896,0,0,0
917,0,0,0,0,0,0
918,1,0,1546300809,0,0,0
919,0,0,0,0,0,0
920,0,0,0,0,0,0
921,0,0,0,0,0,0
922,0,0,0,0,0,0
923,0,0,0,0,0,0
924,0,0,0,0,0,0
925,0,0,0,0,0,0
926,0,0,0,0,0,0
927,1,1,1546300865,4,3,339
928,1,1,1546300804,2,4,177
929,1,1,1546300882,4,0,740
930,1,0,1546300824,0,0,0
931,0,0,0,0,0,0
932,1,0,1546300811,0,0,0
933,1,0,1546300814,0,0,0
934,0,0,0,0,0,0
935,1,0,1546300870,0,0,0
936,0,0,0,0,0,0
937,0,0,0,0,0,0
938,1,0,1546300854,0,0,0
939,1,0,1546300857,0,0,0
940,0,0,0,0,0,0
941,0,0,0,0,0,0
942,1,0,1546300878,0,0,0
943,1,0,1546300805,0,0,0
944,1,1,1546300821,2,4,782
945,1,0,1546300899,0,0,0
946,1,0,1546300863,0,0,0
947,0,0,0,0,0,0
948,1,1,1546300893,2,2,300
949,0,0,0,0,0,0
950,1,0,1546300887,0,0,0
951,0,0,0,0,0,0
952,1,1,1546300824,4,2,354
953,0,0,0,0,0,0
954,1,1,1546300893,4,1,587
955,0,0,0,0,0,0
956,0,0,0,0,0,0
957,1,1,1546300823,4,3,355
958,0,0,0,0,0,0
959,0,0,0,0,0,0
960,1,0,1546300881,0,0,0
961,1,1,1546300883,0,2,552
962,0,0,0,0,0,0
963,0,0,0,0,0,0
964,1,0,1546300875,0,0,0
965,0,0,0,0,0,0
966,1,0,1546300874,0,0,0
967,1,1,1546300838,3,2,224
968,0,0,0,0,0,0
969,1,1,1546300811,3,4,731
970,1,1,1546300899,1,4,195
971,1,0,1546300802,0,0,0
972,0,0,0,0,0,0
973,0,0,0,0,0,0
974,1,1,1546300820,2,2,732
975,0,0,0,0,0,0
976,0,0,0,0,0,0
977,0,0,0,0,0,0
978,0,0,0,0,0,0
979,0,0,0,0,0,0
980,0,0,0,0,0,0
981,0,0,0,0,0,0
982,0,0,0,0,0,0
983,0,0,0,0,0,0
984,0,0,0,0,0,0
985,0,0,0,0,0,0
986,1,1,1546300840,0,4,176
987,1,0,1546300865,0,0,0
988,1,0,1546300844,0,0,0
989,1,0,1546300882,0,0,0
990,0,0,0,0,0,0
991,1,0,1546300828,0,0,0
992,1,1,1546300886,4,0,468
993,0,0,0,0,0,0
994,0,0,0,0,0,0
995,1,1,1546300892,2,2,847
996,0,0,0,0,0,0
997,0,0,0,0,0,0
998,0,0,0,0,0,0
999,0,0,0,0,0,0
