id_,opportunity,test_flag,opportunity_timestamp,num_impressions,num_clicks,total_spend
cfcd208495d565ef66e7dff9f98764da,1,0,1600000430,1,0,190
c4ca4238a0b923820dcc509a6f75849b,1,1,1600000401,4,3,600
c81e728d9d4c2f636f067f89cc14862c,0,0,0,1,1,930
eccbc87e4b5ce2fe28308fd9f2a7baf3,0,0,0,3,3,26
a87ff679a2f3e71d9181a67b7542122c,0,0,0,1,0,215
e4da3b7fbbce2345d7772b0674a318d5,1,1,1600000461,3,1,126
1679091c5a880faf6fb5e6087eb1b2dc,1,0,1600000052,2,4,996
8f14e45fceea167a5a36dedd4bea2543,1,0,1600000831,3,3,455
c9f0f895fb98ab9159f51fd0297e236d,1,0,1600000530,2,1,735
45c48cce2e2d7fbdea1afc51c7c6ad26,1,0,1600000972,2,0,556
d3d9446802a44259755d38e6d163e820,0,0,0,4,1,138
6512bd43d9caa6e02c990b0a82652dca,0,0,0,4,4,680
c20ad4d76fe97759aa27a0c99bff6710,1,0,1600000106,0,3,556
c51ce410c124a10e0db5e4b97fc2af39,1,1,1600000940,0,3,575
aab3238922bcc25a6f606eb525ffdc56,1,1,1600000040,2,2,612
9bf31c7ff062936a96d3c8bd1f8f2ff3,1,0,1600000197,2,1,592
c74d97b01eae257e44aa9d5bade97baf,1,0,1600000215,3,1,278
70efdf2ec9b086079795c442636b55fb,1,1,1600000927,3,4,766
6f4922f45568161a8cdf4ad2299f6d23,1,0,1600000560,1,4,905
1f0e3dad99908345f7439f8ffabdffc4,1,0,1600000398,2,3,778
98f13708210194c475687be6106a3b84,1,0,1600000303,0,4,974
3c59dc048e8850243be8079a5c74d079,1,1,1600000612,4,2,393
b6d767d2f8ed5d21a44b0e5886680cb9,1,0,1600000164,1,2,611
37693cfc748049e45d87b8c7d8b9aacd,1,1,1600000263,2,1,387
1ff1de774005f8da13f42943881c655f,1,1,1600000515,1,3,81
8e296a067a37563370ded05f5a3bf3ec,1,1,1600000622,3,2,827
4e732ced3463d06de0ca9a15b6153677,1,1,1600000652,2,0,853
02e74f10e0327ad868d138f2b4fdd6f0,1,0,1600000782,3,3,688
33e75ff09dd601bbe69f351039152189,0,0,0,0,2,950
6ea9ab1baa0efb9e19094440c317e21b,1,1,1600000764,0,0,88
34173cb38f07f89ddbebc2ac9128303f,1,1,1600000250,4,0,751
c16a5320fa475530d9583c34fd356ef5,1,0,1600000319,1,2,181
6364d3f0f495b6ab9dcf8d3b5c6e0b01,0,0,0,2,0,959
182be0c5cdcd5072bb1864cdee4d3d6e,1,0,1600000786,0,1,37
e369853df766fa44e1ed0ff613f563bd,1,0,1600000639,3,2,628
1c383cd30b7c298ab50293adfecb7b18,1,1,1600000562,0,1,647
19ca14e7ea6328a42e0eb13d585e4c22,1,1,1600000322,3,2,356
a5bfc9e07964f8dddeb95fc584cd965d,1,0,1600000282,4,0,777
a5771bce93e200c36f7cd9dfd0e5deaa,1,0,1600000544,4,1,86
d67d8ab4f4c10bf22aa353e27879133c,0,0,0,0,0,210
d645920e395fedad7bbbed0eca3fe2e0,0,0,0,4,1,845
3416a75f4cea9109507cacd8e2f2aefc,1,0,1600000620,3,1,134
a1d0c6e83f027327d8461063f4ac58a6,1,1,1600000522,2,1,156
17e62166fc8586dfa4d1bc0e1742c08b,1,1,1600000227,2,2,288
f7177163c833dff4b38fc8d2872f1ec6,1,0,1600000494,3,2,77
6c8349cc7260ae62e3b1396831a8398f,1,0,1600000416,1,4,595
d9d4f495e875a2e075a1a4a6e1b9770f,1,1,1600000742,2,0,360
67c6a1e7ce56d3d6fa748ab6d9af3fd7,1,0,1600000865,3,2,429
642e92efb79421734881b53e1e1b18b6,1,1,1600000106,0,0,409
f457c545a9ded88f18ecee47145a72c0,0,0,0,4,0,394
c0c7c76d30bd3dcaefc96f40275bdc0a,1,1,1600000303,1,2,631
2838023a778dfaecdc212708f721b788,0,0,0,0,1,694
9a1158154dfa42caddbd0694a4e9bdc8,1,0,1600000184,3,1,446
d82c8d1619ad8176d665453cfb2e55f0,1,0,1600000153,1,4,496
a684eceee76fc522773286a895bc8436,0,0,0,2,3,777
b53b3a3d6ab90ce0268229151c9bde11,0,0,0,2,1,725
9f61408e3afb633e50cdf1b20de6f466,1,0,1600000408,0,4,141
72b32a1f754ba1c09b3695e0cb6cde7f,1,0,1600000443,1,2,289
66f041e16a60928b05a7e228a89c3799,1,1,1600000329,1,2,552
093f65e080a295f8076b1c5722a46aa2,0,0,0,4,4,663
072b030ba126b2f4b2374f342be9ed44,0,0,0,0,4,769
7f39f8317fbdb1988ef4c628eba02591,1,1,1600000487,0,1,211
44f683a84163b3523afe57c2e008bc8c,0,0,0,4,0,854
03afdbd66e7929b125f8597834fa83a4,1,1,1600000831,4,3,4
ea5d2f1c4608232e07d3aa3d998e5135,1,1,1600000519,0,2,840
fc490ca45c00b1249bbe3554a4fdf6fb,1,1,1600000755,2,1,494
3295c76acbf4caaed33c36b1b5fc2cb1,1,0,1600000032,3,4,145
735b90b4568125ed6c3f678819b6e058,1,1,1600000920,3,2,662
a3f390d88e4c41f2747bfa2f1b5f87db,1,0,1600000509,0,3,431
14bfa6bb14875e45bba028a21ed38046,1,0,1600000701,0,2,961
7cbbc409ec990f19c78c75bd1e06f215,1,0,1600000251,3,0,486
e2c420d928d4bf8ce0ff2ec19b371514,1,0,1600000559,2,1,936
32bb90e8976aab5298d5da10fe66f21d,1,1,1600000908,2,1,322
d2ddea18f00665ce8623e36bd4e3c7c5,0,0,0,4,0,546
ad61ab143223efbc24c7d2583be69251,1,0,1600000358,3,1,578
d09bf41544a3365a46c9077ebb5e35c3,1,0,1600000986,2,4,48
fbd7939d674997cdb4692d34de8633c4,1,0,1600000462,3,2,922
28dd2c7955ce926456240b2ff0100bde,0,0,0,2,4,791
35f4a8d465e6e1edc05f3d8ab658c551,1,0,1600000939,0,3,59
d1fe173d08e959397adf34b1d77e88d7,1,0,1600000312,1,3,941
f033ab37c30201f73f142449d037028d,0,0,0,3,0,513
43ec517d68b6edd3015b3edc9a11367b,0,0,0,0,2,566
9778d5d219c5080b9a6a17bef029331c,1,1,1600000071,2,1,459
fe9fc289c3ff0af142b6d3bead98a923,1,0,1600000753,1,1,376
68d30a9594728bc39aa24be94b319d21,0,0,0,0,2,527
3ef815416f775098fe977004015c6193,1,1,1600000298,4,0,592
93db85ed909c13838ff95ccfa94cebd9,1,1,1600000101,0,0,518
c7e1249ffc03eb9ded908c236bd1996d,1,1,1600000429,3,0,998
2a38a4a9316c49e5a833517c45d31070,1,0,1600000087,4,1,373
7647966b7343c29048673252e490f736,0,0,0,4,4,98
8613985ec49eb8f757ae6439e879bb2a,1,0,1600000685,0,0,112
54229abfcfa5649e7003b83dd4755294,1,1,1600000918,3,2,869
92cc227532d17e56e07902b254dfad10,1,1,1600000834,0,4,310
98dce83da57b0395e163467c9dae521b,1,0,1600000866,1,3,830
f4b9ec30ad9f68f89b29639786cb62ef,1,1,1600000803,2,1,822
812b4ba287f5ee0bc9d43bbf5bbe87fb,1,1,1600000620,3,1,73
26657d5ff9020d2abefe558796b99584,1,1,1600000653,0,4,907
e2ef524fbf3d9fe611d5a8e90fefdc9c,1,0,1600000594,4,2,610
ed3d2c21991e3bef5e069713af9fa6ca,1,0,1600000230,4,0,517
ac627ab1ccbdb62ec96e702f07f6425b,1,1,1600000332,1,0,948
f899139df5e1059396431415e770c6dd,1,1,1600000445,3,3,61
38b3eff8baf56627478ec76a704e9b52,1,1,1600000544,0,4,257
ec8956637a99787bd197eacd77acce5e,1,0,1600000037,2,2,697
6974ce5ac660610b44d9b9fed0ff9548,1,1,1600000681,3,3,291
c9e1074f5b3f9fc8ea15d152add07294,1,0,1600000622,0,0,288
65b9eea6e1cc6bb9f0cd2a47751a186f,1,1,1600000669,1,3,731
f0935e4cd5920aa6c7c996a5ee53a70f,1,0,1600000544,4,2,772
a97da629b098b75c294dffdc3e463904,1,0,1600000505,3,1,489
a3c65c2974270fd093ee8a9bf8ae7d0b,1,0,1600000892,0,4,931
2723d092b63885e0d7c260cc007e8b9d,1,0,1600000658,1,0,625
5f93f983524def3dca464469d2cf9f3e,1,0,1600000720,2,3,399
698d51a19d8a121ce581499d7b701668,1,0,1600000180,2,3,232
7f6ffaa6bb0b408017b62254211691b5,1,0,1600000726,1,0,312
73278a4a86960eeb576a8fd4c9ec6997,1,1,1600000616,1,0,351
5fd0b37cd7dbbb00f97ba6ce92bf5add,1,0,1600000552,2,1,919
2b44928ae11fb9384c4cf38708677c48,1,0,1600000007,3,0,427
c45147dee729311ef5b5c3003946c48f,0,0,0,2,2,950
eb160de1de89d9058fcb0b968dbbbd68,1,1,1600000659,1,3,398
5ef059938ba799aaa845e1c2e8a762bd,1,0,1600000972,1,4,66
07e1cd7dca89a1678042477183b7ac3f,1,1,1600000419,0,1,337
da4fb5c6e93e74d3df8527599fa62642,1,1,1600000519,0,0,959
4c56ff4ce4aaf9573aa5dff913df997a,1,0,1600000219,0,3,178
a0a080f42e6f13b3a2df133f073095dd,1,0,1600000616,1,2,815
202cb962ac59075b964b07152d234b70,0,0,0,0,1,587
c8ffe9a587b126f152ed3d89a146b445,1,0,1600000992,2,2,562
3def184ad8f4755ff269862ea77393dd,1,0,1600000801,2,3,138
069059b7ef840f0c74a814ec9237b6ec,0,0,0,1,4,783
ec5decca5ed3d6b8079e2e7e7bacc9f2,0,0,0,3,0,962
76dc611d6ebaafc66cc0879c71b5db5c,1,0,1600000069,1,0,44
d1f491a404d6854880943e5c3cd9ca25,1,1,1600000845,1,2,625
9b8619251a19057cff70779273e95aa6,1,0,1600000791,1,4,652
1afa34a7f984eeabdbb0a7d494132ee5,0,0,0,3,3,116
65ded5353c5ee48d0b7d48c591b8f430,1,0,1600000530,0,1,846
9fc3d7152ba9336a670e36d0ed79bc43,1,1,1600000797,4,1,783
02522a2b2726fb0a03bb19f2d8d9524d,1,1,1600000951,3,3,800
7f1de29e6da19d22b51c68001e7e0e54,1,0,1600000355,0,3,831
42a0e188f5033bc65bf8d78622277c4e,1,1,1600000720,3,4,963
3988c7f88ebcb58c6ce932b957b6f332,1,1,1600000846,3,1,662
013d407166ec4fa56eb1e1f8cbe183b9,0,0,0,2,4,632
e00da03b685a0dd18fb6a08af0923de0,1,1,1600000532,4,4,877
1385974ed5904a438616ff7bdb3f7439,1,1,1600000354,0,1,878
0f28b5d49b3020afeecd95b4009adf4c,1,0,1600000670,1,1,463
a8baa56554f96369ab93e4f3bb068c22,1,1,1600000829,1,4,379
903ce9225fca3e988c2af215d4e544d3,0,0,0,3,4,496
0a09c8844ba8f0936c20bd791130d6b6,1,1,1600000760,0,0,764
2b24d495052a8ce66358eb576b8912c8,1,0,1600000559,1,1,214
a5e00132373a7031000fd987a3c9f87b,1,1,1600000962,4,0,973
8d5e957f297893487bd98fa830fa6413,1,1,1600000656,2,2,291
47d1e990583c9c67424d369f3414728e,1,0,1600000744,0,2,55
f2217062e9a397a1dca429e7d70bc6ca,1,0,1600000484,3,1,438
7ef605fc8dba5425d6965fbd4c8fbe1f,0,0,0,3,3,455
a8f15eda80c50adb0e71943adc8015cf,0,0,0,4,1,160
37a749d808e46495a8da1e5352d03cae,1,1,1600000459,2,0,270
b3e3e393c77e35a4a3f3cbd1e429b5dc,1,1,1600000556,1,1,828
1d7f7abc18fcb43975065399b0d1e48e,1,1,1600000818,1,0,787
2a79ea27c279e471f4d180b08d62b00a,1,1,1600000267,3,2,3
1c9ac0159c94d8d0cbedc973445af2da,1,1,1600000820,1,0,899
6c4b761a28b734fe93831e3fb400ce87,1,0,1600000865,4,2,24
06409663226af2f3114485aa4e0a23b4,1,1,1600000752,0,0,867
140f6969d5213fd0ece03148e62e461e,1,1,1600000020,1,3,791
b73ce398c39f506af761d2277d853a92,0,0,0,0,1,605
bd4c9ab730f5513206b999ec0d90d1fb,1,0,1600000338,2,2,108
82aa4b0af34c2313a562076992e50aa3,1,0,1600000369,3,2,979
0777d5c17d4066b82ab86dff8a46af6f,1,0,1600000650,0,0,545
fa7cdfad1a5aaf8370ebeda47a1ff1c3,0,0,0,0,1,381
9766527f2b5d3e95d4a733fcfb77bd7e,0,0,0,4,2,660
7e7757b1e12abcb736ab9a754ffb617a,1,0,1600000548,2,4,804
5878a7ab84fb43402106c575658472fa,1,1,1600000569,2,2,702
006f52e9102a8d3be2fe5614f42ba989,1,1,1600000280,3,3,846
3636638817772e42b59d74cff571fbb3,0,0,0,1,4,943
149e9677a5989fd342ae44213df68868,1,1,1600000390,0,2,272
a4a042cf4fd6bfb47701cbc8a1653ada,1,1,1600000509,3,1,503
1ff8a7b5dc7a7d1f0ed65aaa29c04b1e,1,0,1600000859,0,2,657
f7e6c85504ce6e82442c770f7c8606f0,1,1,1600000052,2,1,652
bf8229696f7a3bb4700cfddef19fa23f,1,1,1600000980,4,3,632
82161242827b703e6acf9c726942a1e4,1,1,1600000338,2,2,854
38af86134b65d0f10fe33d30dd76442e,1,1,1600000262,4,4,263
96da2f590cd7246bbde0051047b0d6f7,1,0,1600000286,0,0,238
8f85517967795eeef66c225f7883bdcb,0,0,0,3,1,508
8f53295a73878494e9bc8dd6c3c7104f,1,1,1600000315,0,3,580
045117b0e0a11a242b9765e79cbf113f,1,1,1600000733,0,2,869
fc221309746013ac554571fbd180e1c8,1,1,1600000813,1,4,656
4c5bde74a8f110656874902f07378009,1,0,1600000661,1,4,66
cedebb6e872f539bef8c3f919874e9d7,0,0,0,3,1,86
6cdd60ea0045eb7a6ec44c54d29ed402,1,0,1600000197,3,1,65
eecca5b6365d9607ee5a9d336962c534,1,0,1600000860,3,0,832
9872ed9fc22fc182d371c3e9ed316094,0,0,0,1,2,182
31fefc0e570cb3860f2a6d4b38c6490d,0,0,0,1,1,845
9dcb88e0137649590b755372b040afad,1,0,1600000141,1,0,726
a2557a7b2e94197ff767970b67041697,1,0,1600000159,4,3,276
cfecdb276f634854f3ef915e2e980c31,1,1,1600000163,0,2,332
0aa1883c6411f7873cb83dacb17b0afc,1,0,1600000836,3,0,28
58a2fc6ed39fd083f55d4182bf88826d,1,1,1600000406,1,0,503
bd686fd640be98efaae0091fa301e613,1,0,1600000157,1,3,832
a597e50502f5ff68e3e25b9114205d4a,1,0,1600000432,0,4,452
0336dcbab05b9d5ad24f4333c7658a0e,0,0,0,4,0,336
084b6fbb10729ed4da8c3d3f5a3ae7c9,1,1,1600000959,3,0,262
85d8ce590ad8981ca2c8286f79f59954,1,0,1600000068,1,4,265
0e65972dce68dad4d52d063967f0a705,1,1,1600000145,1,4,747
84d9ee44e457ddef7f2c4f25dc8fa865,1,0,1600000464,4,3,864
3644a684f98ea8fe223c713b77189a77,0,0,0,2,0,138
757b505cfd34c64c85ca5b5690ee5293,1,0,1600000453,1,4,461
854d6fae5ee42911677c739ee1734486,1,0,1600000127,2,3,488
e2c0be24560d78c5e599c2a9c9d0bbd2,1,1,1600000165,2,1,416
274ad4786c3abca69fa097b85867d9a4,1,0,1600000944,3,0,840
eae27d77ca20db309e056e3d2dcd7d69,0,0,0,3,2,374
7eabe3a1649ffa2b3ff8c02ebfd5659f,1,1,1600000916,2,0,991
69adc1e107f7f7d035d7baf04342e1ca,0,0,0,2,2,402
091d584fced301b442654dd8c23b3fc9,1,0,1600000273,0,1,439
b1d10e7bafa4421218a51b1e1f1b0ba2,1,0,1600000516,0,3,885
6f3ef77ac0e3619e98159e9b6febf557,0,0,0,3,2,220
eb163727917cbba1eea208541a643e74,1,1,1600000812,1,0,167
1534b76d325a8f591b52d302e7181331,0,0,0,2,4,928
979d472a84804b9f647bc185a877a8b5,1,0,1600000038,0,3,114
ca46c1b9512a7a8315fa3c5a946e8265,1,1,1600000390,0,4,331
3b8a614226a953a8cd9526fca6fe9ba5,1,1,1600000183,4,3,180
45fbc6d3e05ebd93369ce542e8f2322d,1,0,1600000471,2,0,508
63dc7ed1010d3c3b8269faf0ba7491d4,1,0,1600000234,4,1,0
e96ed478dab8595a7dbda4cbcbee168f,1,1,1600000600,1,2,150
c0e190d8267e36708f955d7ab048990d,1,0,1600000434,0,1,38
ec8ce6abb3e952a85b8551ba726a1227,1,1,1600000699,3,4,516
060ad92489947d410d897474079c1477,1,1,1600000264,1,4,525
bcbe3365e6ac95ea2c0343a2395834dd,1,0,1600000784,1,0,518
115f89503138416a242f40fb7d7f338e,1,1,1600000197,1,4,45
13fe9d84310e77f13a6d184dbf1232f3,1,0,1600000399,1,3,486
d1c38a09acc34845c6be3a127a5aacaf,1,0,1600000479,1,1,444
9cfdf10e8fc047a44b08ed031e1f0ed1,1,0,1600000539,4,0,463
705f2172834666788607efbfca35afb3,1,1,1600000907,3,4,438
74db120f0a8e5646ef5a30154e9f6deb,0,0,0,2,3,885
57aeee35c98205091e18d1140e9f38cf,1,0,1600000879,3,2,924
6da9003b743b65f4c0ccd295cc484e57,1,1,1600000477,0,3,882
9b04d152845ec0a378394003c96da594,0,0,0,0,4,958
be83ab3ecd0db773eb2dc1b0a17836a1,1,0,1600000859,0,3,897
e165421110ba03099a1c0393373c5b43,1,1,1600000492,0,1,474
289dff07669d7a23de0ef88d2f7129e7,1,0,1600000947,2,3,745
577ef1154f3240ad5b9b413aa7346a1e,1,0,1600000398,3,0,800
01161aaa0b6d1345dd8fe4e481144d84,1,1,1600000576,2,3,426
539fd53b59e3bb12d203f45a912eeaf2,1,0,1600000090,3,2,201
ac1dd209cbcc5e5d1c6e28598e8cbbe8,1,1,1600000023,0,0,204
555d6702c950ecb729a966504af0a635,0,0,0,1,0,953
335f5352088d7d9bf74191e006d8e24c,1,0,1600000860,0,2,569
f340f1b1f65b6df5b5e3f94d95b11daf,1,1,1600000656,0,1,268
e4a6222cdb5b34375400904f03d8e6a5,1,0,1600000091,3,3,447
cb70ab375662576bd1ac5aaf16b3fca4,1,1,1600000988,1,1,36
9188905e74c28e489b44e954ec0b9bca,1,0,1600000949,0,2,724
0266e33d3f546cb5436a10798e657d97,1,1,1600000123,1,2,182
38db3aed920cf82ab059bfccbd02be6a,1,1,1600000526,3,4,663
3cec07e9ba5f5bb252d13f5f431e4bbb,1,1,1600000012,2,3,44
621bf66ddb7c962aa0d22ac97d69b793,1,0,1600000539,2,1,409
077e29b11be80ab57e1a2ecabb7da330,1,1,1600000458,0,0,212
6c9882bbac1c7093bd25041881277658,1,1,1600000922,2,1,778
19f3cd308f1455b3fa09a282e0d496f4,1,0,1600000933,4,3,900
03c6b06952c750899bb03d998e631860,0,0,0,0,2,822
c24cd76e1ce41366a4bbe8a49b02a028,1,1,1600000202,3,0,872
c52f1bd66cc19d05628bd8bf27af3ad6,0,0,0,2,1,716
fe131d7f5a6b38b23cc967316c13dae2,1,0,1600000064,1,0,91
f718499c1c8cef6730f9fd03c8125cab,1,1,1600000173,4,1,91
d96409bf894217686ba124d7356686c9,1,0,1600000582,0,2,259
502e4a16930e414107ee22b6198c578f,1,1,1600000304,0,1,174
cfa0860e83a4c3a763a7e62d825349f7,1,1,1600000784,3,0,552
a4f23670e1833f3fdb077ca70bbd5d66,1,1,1600000193,3,2,978
b1a59b315fc9a3002ce38bbe070ec3f5,0,0,0,4,3,149
36660e59856b4de58a219bcf4e27eba3,1,1,1600000492,4,0,571
8c19f571e251e61cb8dd3612f26d5ecf,1,1,1600000609,2,4,748
d6baf65e0b240ce177cf70da146c8dc8,1,0,1600000718,1,1,851
e56954b4f6347e897f954495eab16a88,1,1,1600000861,4,2,18
f7664060cc52bc6f3d620bcedc94a4b6,1,0,1600000426,4,4,97
eda80a3d5b344bc40f3bc04f65b7a357,0,0,0,0,0,590
8f121ce07d74717e0b1f21d122e04521,1,1,1600000984,3,3,554
06138bc5af6023646ede0e1f7c1eac75,0,0,0,0,1,974
39059724f73a9969845dfe4146c5660e,1,1,1600000591,2,0,243
7f100b7b36092fb9b06dfb4fac360931,1,0,1600000858,1,2,342
7a614fd06c325499f1680b9896beedeb,1,0,1600000655,3,2,721
4734ba6f3de83d861c3176a6273cac6d,0,0,0,3,4,869
d947bf06a885db0d477d707121934ff8,1,0,1600000845,1,3,869
63923f49e5241343aa7acb6a06a751e7,1,1,1600000095,4,0,107
db8e1af0cb3aca1ae2d0018624204529,1,1,1600000481,0,4,200
20f07591c6fcb220ffe637cda29bb3f6,1,0,1600000347,2,1,616
07cdfd23373b17c6b337251c22b7ea57,0,0,0,1,2,144
d395771085aab05244a4fb8fd91bf4ee,1,1,1600000721,3,4,746
92c8c96e4c37100777c7190b76d28233,1,0,1600000448,4,2,683
e3796ae838835da0b6f6ea37bcf8bcb7,1,1,1600000998,4,0,26
6a9aeddfc689c1d0e3b9ccc3ab651bc5,1,1,1600000952,3,0,348
0f49c89d1e7298bb9930789c8ed59d48,1,1,1600000907,0,4,884
46ba9f2a6976570b0353203ec4474217,1,1,1600000050,2,1,54
0e01938fc48a2cfb5f2217fbfb00722d,1,0,1600000310,1,1,264
16a5cdae362b8d27a1d8f8c7b78b4330,1,1,1600000974,4,0,639
918317b57931b6b7a7d29490fe5ec9f9,1,1,1600000454,4,3,300
48aedb8880cab8c45637abc7493ecddd,1,1,1600000657,0,0,592
839ab46820b524afda05122893c2fe8e,1,0,1600000714,2,3,334
f90f2aca5c640289d0a29417bcb63a37,1,0,1600000994,4,1,92
9c838d2e45b2ad1094d42f4ef36764f6,1,0,1600000565,0,2,605
1700002963a49da13542e0726b7bb758,1,0,1600000280,0,0,574
53c3bce66e43be4f209556518c2fcb54,0,0,0,2,2,149
6883966fd8f918a4aa29be29d2c386fb,1,1,1600000169,0,3,815
49182f81e6a13cf5eaa496d51fea6406,0,0,0,3,0,204
d296c101daa88a51f6ca8cfc1ac79b50,1,0,1600000970,1,1,49
9fd81843ad7f202f26c1a174c7357585,1,1,1600000739,1,2,785
26e359e83860db1d11b6acca57d8ea88,1,1,1600000167,4,3,696
ef0d3930a7b6c95bd2b32ed45989c61f,0,0,0,1,2,391
94f6d7e04a4d452035300f18b984988c,1,0,1600000765,4,2,388
34ed066df378efacc9b924ec161e7639,0,0,0,2,1,387
577bcc914f9e55d5e4e4f82f9f00e7d4,1,1,1600000582,0,4,890
11b9842e0a271ff252c1903e7132cd68,1,0,1600000325,4,0,588
37bc2f75bf1bcfe8450a1a41c200364c,0,0,0,2,0,43
496e05e1aea0a9c4655800e8a7b9ea28,0,0,0,0,0,178
b2eb7349035754953b57a32e2841bda5,1,1,1600000231,2,0,600
8e98d81f8217304975ccb23337bb5761,1,1,1600000886,2,2,320
a8c88a0055f636e4a163a5e3d16adab7,1,0,1600000515,2,4,557
eddea82ad2755b24c4e168c5fc2ebd40,1,0,1600000096,2,0,114
06eb61b839a0cefee4967c67ccb099dc,1,1,1600000900,1,3,568
9dfcd5e558dfa04aaf37f137a1d9d3e5,0,0,0,2,4,440
950a4152c2b4aa3ad78bdd6b366cc179,1,1,1600000482,1,2,777
158f3069a435b314a80bdcb024f8e422,0,0,0,3,1,730
758874998f5bd0c393da094e1967a72b,1,0,1600000256,3,1,517
ad13a2a07ca4b7642959dc0c4c740ab6,1,1,1600000722,0,3,535
3fe94a002317b5f9259f82690aeea4cd,0,0,0,2,4,741
5b8add2a5d98b1a652ea7fd72d942dac,1,0,1600000794,3,4,959
432aca3a1e345e339f35a30c8f65edce,1,1,1600000052,0,3,745
8d3bba7425e7c98c50f52ca1b52d3735,1,1,1600000684,3,0,276
320722549d1751cf3f247855f937b982,1,0,1600000380,3,0,846
caf1a3dfb505ffed0d024130f58c5cfa,1,0,1600000619,0,2,272
5737c6ec2e0716f3d8a7a5c4e0de0d9a,1,0,1600000166,0,4,174
bc6dc48b743dc5d013b1abaebd2faed2,1,0,1600000144,2,3,46
f2fc990265c712c49d51a18a32b39f0c,1,0,1600000514,4,1,228
89f0fd5c927d466d6ec9a21b9ac34ffa,1,1,1600000315,4,4,431
a666587afda6e89aec274a3657558a27,1,0,1600000380,0,3,666
b83aac23b9528732c23cc7352950e880,1,1,1600000895,0,2,610
cd00692c3bfe59267d5ecfac5310286c,1,1,1600000863,3,3,68
6faa8040da20ef399b63a72d0e4ab575,1,1,1600000891,2,2,815
fe73f687e5bc5280214e0486b273a5f9,1,0,1600000139,0,1,262
6da37dd3139aa4d9aa55b8d237ec5d4a,1,0,1600000123,0,4,877
c042f4db68f23406c6cecf84a7ebb0fe,0,0,0,3,3,150
310dcbbf4cce62f762a2aaa148d556bd,1,0,1600000443,3,4,485
2f2b265625d76a6704b08093c652fd79,1,1,1600000343,4,2,338
f9b902fc3289af4dd08de5d1de54f68f,1,1,1600000215,0,2,650
6855456e2fe46a9d49d3d3af4f57443d,1,0,1600000785,2,3,263
357a6fdf7642bf815a88822c447d9dc4,1,0,1600000480,3,2,203
819f46e52c25763a55cc642422644317,0,0,0,4,0,252
04025959b191f8f9de3f924f0940515f,1,0,1600000613,2,1,200
40008b9a5380fcacce3976bf7c08af5b,1,1,1600000143,3,4,256
3dd48ab31d016ffcbf3314df2b3cb9ce,1,1,1600000354,3,0,571
58238e9ae2dd305d79c2ebc8c1883422,1,1,1600000219,1,2,933
3ad7c2ebb96fcba7cda0cf54a2e802f5,1,0,1600000894,4,1,110
b3967a0e938dc2a6340e258630febd5a,0,0,0,0,2,562
d81f9c1be2e08964bf9f24b15f0e4900,1,0,1600000985,4,2,29
13f9896df61279c928f19721878fac41,0,0,0,4,0,145
c5ff2543b53f4cc0ad3819a36752467b,1,0,1600000320,2,3,559
01386bd6d8e091c2ab4c7c7de644d37b,1,0,1600000412,2,0,499
0bb4aec1710521c12ee76289d9440817,1,0,1600000810,0,0,324
9de6d14fff9806d4bcd1ef555be766cd,1,1,1600000177,0,1,120
efe937780e95574250dabe07151bdc23,0,0,0,1,2,309
371bce7dc83817b7893bcdeed13799b5,1,1,1600000038,2,3,663
138bb0696595b338afbab333c555292a,1,0,1600000163,2,1,705
8dd48d6a2e2cad213179a3992c0be53c,1,0,1600000153,0,4,602
82cec96096d4281b7c95cd7e74623496,1,0,1600000071,3,0,961
6c524f9d5d7027454a783c841250ba71,1,1,1600000961,0,3,892
fb7b9ffa5462084c5f4e7e85a093e6d7,1,1,1600000639,0,1,595
aa942ab2bfa6ebda4840e7360ce6e7ef,1,0,1600000707,3,4,266
c058f544c737782deacefa532d9add4c,1,1,1600000357,3,1,478
e7b24b112a44fdd9ee93bdf998c6ca0e,1,0,1600000818,3,4,143
52720e003547c70561bf5e03b95aa99f,0,0,0,3,2,936
c3e878e27f52e2a57ace4d9a76fd9acf,0,0,0,0,0,93
00411460f7c92d2124a67ea0f4cb5f85,1,1,1600000994,1,3,627
bac9162b47c56fc8a4d2a519803d51b3,1,0,1600000248,2,2,668
9be40cee5b0eee1462c82c6964087ff9,1,1,1600000782,2,3,932
5ef698cd9fe650923ea331c15af3b160,1,0,1600000363,4,2,320
05049e90fa4f5039a8cadc6acbb4b2cc,1,0,1600000604,0,4,211
cf004fdc76fa1a4f25f62e0eb5261ca3,1,1,1600000754,1,1,280
0c74b7f78409a4022a2c4c5a5ca3ee19,0,0,0,1,4,358
d709f38ef758b5066ef31b18039b8ce5,1,1,1600000922,3,2,122
41f1f19176d383480afa65d325c06ed0,1,1,1600000427,0,4,56
24b16fede9a67c9251d3e7c7161c83ac,0,0,0,4,1,619
ffd52f3c7e12435a724a8f30fddadd9c,1,0,1600000942,1,4,142
ad972f10e0800b49d76fed33a21f6698,0,0,0,2,2,155
f61d6947467ccd3aa5af24db320235dd,1,0,1600000028,4,3,709
142949df56ea8ae0be8b5306971900a4,1,0,1600000464,3,1,827
d34ab169b70c9dcd35e62896010cd9ff,0,0,0,3,0,531
8bf1211fd4b7b94528899de0a43b9fb3,1,1,1600000251,3,2,586
a02ffd91ece5e7efeb46db8f10a74059,1,0,1600000301,3,2,783
bca82e41ee7b0833588399b1fcd177c7,1,1,1600000395,0,1,77
00ec53c4682d36f5c4359f4ae7bd7ba1,1,0,1600000969,4,0,125
4f6ffe13a5d75b2d6a3923922b3922e5,1,1,1600000854,1,4,985
beed13602b9b0e6ecb5b568ff5058f07,1,0,1600000578,0,2,281
0584ce565c824b7b7f50282d9a19945b,1,0,1600000552,4,4,734
dc912a253d1e9ba40e2c597ed2376640,1,1,1600000761,0,0,938
39461a19e9eddfb385ea76b26521ea48,1,0,1600000285,2,4,700
8efb100a295c0c690931222ff4467bb8,1,0,1600000720,1,4,873
d9fc5b73a8d78fad3d6dffe419384e70,1,1,1600000748,1,1,259
c86a7ee3d8ef0b551ed58e354a836f2b,0,0,0,3,1,340
a01a0380ca3c61428c26a231f0e49a09,1,1,1600000418,0,3,219
5a4b25aaed25c2ee1b74de72dc03c14e,1,0,1600000416,2,3,654
f73b76ce8949fe29bf2a537cfa420e8f,1,0,1600000079,0,3,388
70c639df5e30bdee440e4cdf599fec2b,0,0,0,0,0,518
28f0b864598a1291557bed248a998d4e,1,0,1600000667,3,1,883
1543843a4723ed2ab08e18053ae6dc5b,1,1,1600000869,1,3,815
f8c1f23d6a8d8d7904fc0ea8e066b3bb,1,0,1600000851,3,2,408
e46de7e1bcaaced9a54f1e9d0d2f800d,0,0,0,1,0,210
b7b16ecf8ca53723593894116071700c,1,1,1600000575,4,4,642
352fe25daf686bdb4edca223c921acea,1,1,1600000556,2,1,683
18d8042386b79e2c279fd162df0205c8,0,0,0,2,1,126
816b112c6105b3ebd537828a39af4818,1,1,1600000623,0,4,216
69cb3ea317a32c4e6143e665fdb20b14,1,1,1600000961,1,0,763
bbf94b34eb32268ada57a3be5062fe7d,1,0,1600000714,2,2,13
4f4adcbf8c6f66dcfc8a3282ac2bf10a,0,0,0,4,1,646
bbcbff5c1f1ded46c25d28119a85c6c2,0,0,0,3,4,411
8cb22bdd0b7ba1ab13d742e22eed8da2,1,1,1600000973,1,0,50
f4f6dce2f3a0f9dada0c2b5b66452017,1,0,1600000869,1,4,507
0d0fd7c6e093f7b804fa0150b875b868,1,0,1600000346,0,2,837
a96b65a721e561e1e3de768ac819ffbb,1,1,1600000200,0,3,444
1068c6e4c8051cfd4e9ea8072e3189e2,0,0,0,1,1,365
17d63b1625c816c22647a73e1482372b,1,1,1600000963,3,4,539
b9228e0962a78b84f3d5d92f4faa000b,1,0,1600000903,2,4,495
0deb1c54814305ca9ad266f53bc82511,1,0,1600000151,2,4,41
66808e327dc79d135ba18e051673d906,1,1,1600000439,2,2,739
42e7aaa88b48137a16a1acd04ed91125,1,0,1600000527,2,3,826
8fe0093bb30d6f8c31474bd0764e6ac0,1,0,1600000029,3,2,639
41ae36ecb9b3eee609d05b90c14222fb,1,1,1600000203,1,4,592
d1f255a373a3cef72e03aa9d980c7eca,0,0,0,1,1,129
7eacb532570ff6858afd2723755ff790,1,0,1600000475,4,1,413
b6f0479ae87d244975439c6124592772,0,0,0,4,4,311
e0c641195b27425bb056ac56f8953d24,1,1,1600000349,1,4,264
f85454e8279be180185cac7d243c5eb3,0,0,0,4,3,103
faa9afea49ef2ff029a833cccc778fd0,1,1,1600000214,3,3,686
3c7781a36bcd6cf08c11a970fbe0e2a6,0,0,0,0,1,984
25b2822c2f5a3230abfadd476e8b04c9,1,1,1600000788,1,0,262
6ecbdd6ec859d284dc13885a37ce8d81,1,1,1600000125,0,3,694
18997733ec258a9fcaf239cc55d53363,0,0,0,3,3,221
8d7d8ee069cb0cbbf816bbb65d56947e,1,1,1600000161,3,3,229
75fc093c0ee742f6dddaa13fff98f104,1,0,1600000326,1,3,863
f74909ace68e51891440e4da0b65a70c,1,1,1600000508,3,2,304
66368270ffd51418ec58bd793f2d9b1b,1,0,1600000022,2,1,825
248e844336797ec98478f85e7626de4a,1,0,1600000425,0,1,6
019d385eb67632a7e958e23f24bd07d7,1,1,1600000740,0,1,389
a49e9411d64ff53eccfdd09ad10a15b3,1,0,1600000481,2,0,674
ddb30680a691d157187ee1cf9e896d03,1,0,1600000381,3,2,340
2421fcb1263b9530df88f7f002e78ea5,1,0,1600000202,4,2,132
fccb60fb512d13df5083790d64c4d5dd,1,0,1600000674,3,2,256
1651cf0d2f737d7adeab84d339dbabd3,1,1,1600000062,2,3,308
eed5af6add95a9a6f1252739b1ad8c24,1,0,1600000307,3,4,726
a8abb4bb284b5b27aa7cb790dc20f80b,1,0,1600000147,0,0,523
15d4e891d784977cacbfcbb00c48f133,1,0,1600000515,4,4,530
c203d8a151612acf12457e4d67635a95,1,1,1600000286,4,2,691
13f3cf8c531952d72e5847c4183e6910,1,0,1600000658,1,0,714
550a141f12de6341fba65b0ad0433500,1,1,1600000418,0,1,957
67f7fb873eaf29526a11a9b7ac33bfac,1,0,1600000662,3,2,699
1a5b1e4daae265b790965a275b53ae50,1,0,1600000339,2,4,14
9a96876e2f8f3dc4f3cf45f02c61c0c1,0,0,0,1,1,945
9b70e8fe62e40c570a322f1b0b659098,1,1,1600000825,4,3,73
d61e4bbd6393c9111e6526ea173a7c8b,1,0,1600000076,4,1,891
f5f8590cd58a54e94377e6ae2eded4d9,1,1,1600000426,4,0,120
941e1aaaba585b952b62c14a3a175a61,1,0,1600000284,3,0,138
9431c87f273e507e6040fcb07dcb4509,1,0,1600000249,3,2,450
49ae49a23f67c759bf4fc791ba842aa2,1,0,1600000810,3,2,997
e44fea3bec53bcea3b7513ccef5857ac,1,1,1600000403,0,1,849
821fa74b50ba3f7cba1e6c53e8fa6845,1,1,1600000744,2,0,495
250cf8b51c773f3f8dc8b4be867a9a02,1,1,1600000938,1,2,345
42998cf32d552343bc8e460416382dca,0,0,0,4,2,692
d07e70efcfab08731a97e7b91be644de,1,0,1600000977,1,1,117
7fe1f8abaad094e0b5cb1b01d712f708,1,1,1600000595,3,0,427
98b297950041a42470269d56260243a1,1,0,1600000464,2,2,771
0353ab4cbed5beae847a7ff6e220b5cf,1,0,1600000043,0,2,753
51d92be1c60d1db1d2e5e7a07da55b26,1,0,1600000003,1,1,990
428fca9bc1921c25c5121f9da7815cde,1,0,1600000397,4,4,984
f1b6f2857fb6d44dd73c7041e0aa0f19,1,1,1600000312,0,1,235
68ce199ec2c5517597ce0a4d89620f55,1,0,1600000017,2,3,304
e836d813fd184325132fca8edcdfb40e,1,1,1600000393,3,4,949
ab817c9349cf9c4f6877e1894a1faa00,1,0,1600000694,0,3,51
877a9ba7a98f75b90a9d49f53f15a858,1,0,1600000855,1,2,680
dc6a6489640ca02b0d42dabeb8e46bb7,1,1,1600000684,1,2,929
26337353b7962f533d78c762373b3318,1,0,1600000205,0,2,726
8e6b42f1644ecb1327dc03ab345e618b,1,1,1600000516,3,3,34
ef575e8837d065a1683c022d2077d342,0,0,0,4,0,194
2050e03ca119580f74cca14cc6e97462,1,0,1600000526,2,1,425
25ddc0f8c9d3e22e03d3076f98d83cb2,1,1,1600000315,3,0,56
5ef0b4eba35ab2d6180b0bca7e46b6f9,1,1,1600000031,0,0,517
598b3e71ec378bd83e0a727608b5db01,1,0,1600000903,1,1,30
74071a673307ca7459bcf75fbd024e09,1,1,1600000523,2,3,824
cfee398643cbc3dc5eefc89334cacdc1,0,0,0,4,1,12
d18f655c3fce66ca401d5f38b48c89af,0,0,0,4,2,214
6ea2ef7311b482724a9b7b0bc0dd85c6,1,1,1600000417,3,2,988
9461cce28ebe3e76fb4b931c35a169b0,1,1,1600000856,0,1,56
f770b62bc8f42a0b66751fe636fc6eb0,0,0,0,3,1,359
e1e32e235eee1f970470a3a6658dfdd5,1,0,1600000692,1,2,460
eba0dc302bcd9a273f8bbb72be3a687b,1,1,1600000422,0,0,936
218a0aefd1d1a4be65601cc6ddc1520e,1,0,1600000919,4,2,373
7d04bbbe5494ae9d2f5a76aa1c00fa2f,1,0,1600000624,3,0,9
a516a87cfcaef229b342c437fe2b95f7,1,1,1600000692,3,3,241
c3c59e5f8b3e9753913f4d435b53c308,1,1,1600000240,4,2,814
854d9fca60b4bd07f9bb215d59ef5561,1,0,1600000645,4,4,266
c410003ef13d451727aeff9082c29a5c,1,1,1600000659,2,3,271
559cb990c9dffd8675f6bc2186971dc2,1,1,1600000653,4,2,857
55a7cf9c71f1c9c495413f934dd1a158,1,0,1600000343,2,1,19
2f55707d4193dc27118a0f19a1985716,1,0,1600000409,4,0,345
1be3bc32e6564055d5ca3e5a354acbef,1,0,1600000393,3,1,627
35051070e572e47d2c26c241ab88307f,1,0,1600000088,2,3,991
b534ba68236ba543ae44b22bd110a1d6,1,0,1600000812,4,0,393
7380ad8a673226ae47fce7bff88e9c33,1,1,1600000314,0,4,375
05f971b5ec196b8c65b75d2ef8267331,1,1,1600000245,3,2,48
3cf166c6b73f030b4f67eeaeba301103,1,0,1600000855,1,2,955
cee631121c2ec9232f3a2f028ad5c89b,1,1,1600000454,1,2,453
5b69b9cb83065d403869739ae7f0995e,1,1,1600000542,3,0,68
b5b41fac0361d157d9673ecb926af5ae,1,1,1600000120,3,4,256
285e19f20beded7d215102b49d5c09a0,1,1,1600000082,3,1,830
b337e84de8752b27eda3a12363109e80,1,0,1600000295,0,1,838
e8c0653fea13f91bf3c48159f7c24f78,1,0,1600000534,0,2,365
ff4d5fbbafdf976cfdc032e3bde78de5,1,1,1600000658,1,0,749
2d6cc4b2d139a53512fb8cbb3086ae2e,1,0,1600000282,3,1,675
389bc7bb1e1c2a5e7e147703232a88f6,1,0,1600000968,3,1,517
e2230b853516e7b05d79744fbd4c9c13,1,1,1600000911,1,0,223
087408522c31eeb1f982bc0eaf81d35f,1,0,1600000461,0,3,852
a760880003e7ddedfef56acb3b09697f,1,1,1600000814,3,4,458
10a7cdd970fe135cf4f7bb55c0e3b59f,1,0,1600000553,2,1,493
3dc4876f3f08201c7c76cb71fa1da439,1,1,1600000995,1,0,881
59b90e1005a220e2ebc542eb9d950b1e,1,1,1600000679,4,3,555
2b8a61594b1f4c4db0902a8a395ced93,1,1,1600000231,0,3,446
f3f27a324736617f20abbf2ffd806f6d,1,1,1600000319,2,3,406
38913e1d6a7b94cb0f55994f679f5956,1,1,1600000020,3,0,619
ebd9629fc3ae5e9f6611e2ee05a31cef,1,1,1600000472,2,3,109
63538fe6ef330c13a05a3ed7e599d5f7,1,1,1600000148,3,1,718
cf67355a3333e6e143439161adc2d82e,1,0,1600000410,2,4,967
07563a3fe3bbe7e3ba84431ad9d055af,0,0,0,3,3,151
53fde96fcc4b4ce72d7739202324cd49,1,0,1600000906,3,0,38
2bb232c0b13c774965ef8558f0fbd615,1,1,1600000754,4,1,567
ba2fd310dcaa8781a9a652a31baf3c68,1,0,1600000826,0,2,862
69421f032498c97020180038fddb8e24,1,1,1600000543,1,4,483
85422afb467e9456013a2a51d4dff702,1,0,1600000910,0,3,731
13f320e7b5ead1024ac95c3b208610db,1,0,1600000494,2,0,584
f4be00279ee2e0a53eafdaa94a151e2c,1,1,1600000531,4,1,623
37f0e884fbad9667e38940169d0a3c95,1,0,1600000762,3,3,677
d64a340bcb633f536d56e51874281454,1,1,1600000136,2,2,355
0fcbc61acd0479dc77e3cccc0f5ffca7,1,1,1600000135,4,0,309
298f95e1bf9136124592c8d4825a06fc,1,0,1600000510,0,1,576
df877f3865752637daa540ea9cbc474f,1,0,1600000769,1,2,705
c399862d3b9d6b76c8436e924a68c45b,1,0,1600000225,4,2,76
33e8075e9970de0cfea955afd4644bb2,0,0,0,0,2,18
65658fde58ab3c2b6e5132a39fae7cb9,1,1,1600000370,4,2,182
5ea1649a31336092c05438df996a3e59,1,0,1600000623,1,3,116
7bcdf75ad237b8e02e301f4091fb6bc8,0,0,0,0,1,46
5737034557ef5b8c02c0e46513b98f90,0,0,0,2,1,862
9b72e31dac81715466cd580a448cf823,1,0,1600000539,3,0,605
16c222aa19898e5058938167c8ab6c57,1,1,1600000413,2,2,949
7dcd340d84f762eba80aa538b0c527f7,1,1,1600000919,1,4,366
81448138f5f163ccdba4acc69819f280,1,1,1600000245,0,4,313
97e8527feaf77a97fc38f34216141515,1,0,1600000286,0,0,852
647bba344396e7c8170902bcf2e15551,1,0,1600000402,1,1,844
ed265bc903a5a097f61d3ec064d96d2e,1,0,1600000731,4,2,770
c75b6f114c23a4d7ea11331e7c00e73c,1,1,1600000726,2,0,281
8d34201a5b85900908db6cae92723617,0,0,0,0,0,282
ccb1d45fb76f7c5a0bf619f979c6cf36,1,1,1600000769,2,4,904
01f78be6f7cad02658508fe4616098a9,1,0,1600000279,3,2,313
7f24d240521d99071c93af3917215ef7,1,0,1600000216,0,4,534
94c7bb58efc3b337800875b5d382a072,0,0,0,1,1,205
f387624df552cea2f369918c5e1e12bc,1,1,1600000608,0,0,269
5e388103a391daabe3de1d76a6739ccd,1,1,1600000742,4,0,461
15de21c670ae7c3f6f3f1f37029303c9,1,0,1600000386,2,1,858
11b921ef080f7736089c757404650e40,0,0,0,0,2,203
6e2713a6efee97bacb63e52c54f0ada0,1,1,1600000375,1,0,217
1bb91f73e9d31ea2830a5e73ce3ed328,1,0,1600000099,1,2,287
3a0772443a0739141292a5429b952fe6,1,1,1600000128,0,3,222
a9a6653e48976138166de32772b1bf40,1,0,1600000303,3,3,347
58ae749f25eded36f486bc85feb3f0ab,1,0,1600000460,1,3,852
4e4b5fbbbb602b6d35bea8460aa8f8e5,1,0,1600000198,4,0,549
8eefcfdf5990e441f0fb6f3fad709e21,1,1,1600000057,0,0,940
1728efbda81692282ba642aafd57be3a,1,0,1600000572,2,2,896
cbcb58ac2e496207586df2854b17995f,1,0,1600000828,3,1,147
db85e2590b6109813dafa101ceb2faeb,1,1,1600000280,3,1,37
99c5e07b4d5de9d18c350cdf64c5aa3d,1,1,1600000165,0,0,613
dd458505749b2941217ddd59394240e8,1,1,1600000469,1,2,45
8b16ebc056e613024c057be590b542eb,1,0,1600000871,4,1,953
a86c450b76fb8c371afead6410d55534,0,0,0,3,1,891
c9892a989183de32e976c6f04e700201,1,1,1600000826,0,0,401
e6b4b2a746ed40e1af829d1fa82daa10,1,0,1600000080,2,2,621
e5f6ad6ce374177eef023bf5d0c018b6,1,1,1600000087,3,3,332
f0e52b27a7a5d6a1a87373dffa53dbe5,1,1,1600000645,3,2,38
ffeabd223de0d4eacb9a3e6e53e5448d,1,0,1600000230,2,1,299
a7aeed74714116f3b292a982238f83d2,1,1,1600000091,0,3,376
fde9264cf376fffe2ee4ddf4a988880d,0,0,0,1,2,121
a8849b052492b5106526b2331e526138,0,0,0,0,1,744
258be18e31c8188555c2ff05b4d542c3,0,0,0,3,2,667
069d3bb002acd8d7dd095917f9efe4cb,1,0,1600000869,2,0,623
c6e19e830859f2cb9f7c8f8cacb8d2a6,0,0,0,1,1,919
46922a0880a8f11f8f69cbb52b1396be,1,1,1600000179,2,0,733
9ad6aaed513b73148b7d49f70afcfb32,0,0,0,4,3,373
f5deaeeae1538fb6c45901d524ee2f98,1,0,1600000495,3,1,282
a9a1d5317a33ae8cef33961c34144f84,1,1,1600000430,2,1,796
605ff764c617d3cd28dbbdd72be8f9a2,1,0,1600000380,2,4,959
766ebcd59621e305170616ba3d3dac32,1,0,1600000120,2,3,851
daca41214b39c5dc66674d09081940f0,1,0,1600000389,0,2,818
30bb3825e8f631cc6075c0f87bb4978c,1,0,1600000136,2,4,14
08b255a5d42b89b0585260b6f2360bdd,0,0,0,4,2,255
3493894fa4ea036cfc6433c3e2ee63b0,1,1,1600000120,1,4,527
dbe272bab69f8e13f14b405e038deb64,0,0,0,2,2,231
acc3e0404646c57502b480dc052c4fe1,0,0,0,4,1,417
076a0c97d09cf1a0ec3e19c7f2529f2b,1,0,1600001000,4,4,546
04ecb1fa28506ccb6f72b12c0245ddbc,1,1,1600000428,4,1,590
b2eeb7362ef83deff5c7813a67e14f0a,1,1,1600000282,1,3,143
08c5433a60135c32e34f46a71175850c,1,1,1600000153,2,0,158
6aca97005c68f1206823815f66102863,1,0,1600000725,2,0,834
3435c378bb76d4357324dd7e69f3cd18,1,0,1600000528,4,1,261
d490d7b4576290fa60eb31b5fc917ad1,1,0,1600000776,2,0,54
b2f627fff19fda463cb386442eac2b3d,1,1,1600000517,2,2,45
c3992e9a68c5ae12bd18488bc579b30d,1,0,1600000231,2,2,37
d86ea612dec96096c5e0fcc8dd42ab6d,1,0,1600000900,1,1,607
9cf81d8026a9018052c429cc4e56739b,1,0,1600000994,4,4,308
c361bc7b2c033a83d663b8d9fb4be56e,1,1,1600000942,0,4,338
44c4c17332cace2124a1a836d9fc4b6f,0,0,0,0,4,56
dc82d632c9fcecb0778afbc7924494a6,1,0,1600000712,0,2,816
996a7fa078cc36c46d02f9af3bef918b,1,0,1600000195,1,4,625
d7a728a67d909e714c0774e22cb806f2,1,0,1600000585,4,0,66
00ac8ed3b4327bdd4ebbebcb2ba10a00,1,0,1600000375,1,2,35
8ebda540cbcc4d7336496819a46a1b68,1,1,1600000781,4,4,571
f76a89f0cb91bc419542ce9fa43902dc,1,0,1600000225,4,2,785
f29c21d4897f78948b91f03172341b7b,1,1,1600000860,3,0,416
851ddf5058cf22df63d3344ad89919cf,1,0,1600000040,3,1,376
58d4d1e7b1e97b258c9ed0b37e02d087,1,1,1600000470,1,0,163
7750ca3559e5b8e1f44210283368fc16,0,0,0,4,3,295
5d44ee6f2c3f71b73125876103c8f6c4,1,0,1600000395,1,1,267
eb6fdc36b281b7d5eabf33396c2683a2,1,1,1600000002,3,3,955
cdc0d6e63aa8e41c89689f54970bb35f,1,0,1600000295,4,2,488
b73dfe25b4b8714c029b37a6ad3006fa,0,0,0,4,3,738
85fc37b18c57097425b52fc7afbb6969,1,0,1600000971,4,0,498
3871bd64012152bfb53fdf04b401193f,1,1,1600000982,1,1,777
a733fa9b25f33689e2adbe72199f0e62,1,0,1600000402,2,0,459
48ab2f9b45957ab574cf005eb8a76760,1,1,1600000127,2,0,272
233509073ed3432027d48b1a83f5fbd2,1,0,1600000950,4,4,563
45645a27c4f1adc8a7a835976064a86d,1,0,1600000832,1,1,755
185c29dc24325934ee377cfda20e414c,1,1,1600000055,2,1,371
42e77b63637ab381e8be5f8318cc28a2,1,1,1600000004,0,4,460
051e4e127b92f5d98d3c79b195f2b291,1,0,1600000898,3,2,262
9cc138f8dc04cbf16240daa92d8d50e2,1,1,1600000207,4,0,611
b7bb35b9c6ca2aee2df08cf09d7016c2,1,0,1600000766,2,3,27
abd815286ba1007abfbb8415b83ae2cf,1,1,1600000120,0,0,907
26dd0dbc6e3f4c8043749885523d6a25,1,0,1600000060,1,4,557
6766aa2750c19aad2fa1b32f36ed4aee,1,1,1600000736,3,3,198
6a10bbd480e4c5573d8f3af73ae0454b,1,1,1600000896,1,3,797
c5ab0bc60ac7929182aadd08703f1ec6,1,1,1600000370,1,3,2
a532400ed62e772b9dc0b86f46e583ff,1,1,1600000264,1,4,940
4c27cea8526af8cfee3be5e183ac9605,1,1,1600000626,3,2,603
0f96613235062963ccde717b18f97592,0,0,0,1,1,478
4ffce04d92a4d6cb21c1494cdfcd6dc1,1,1,1600000385,2,2,632
67e103b0761e60683e83c559be18d40c,1,1,1600000932,3,0,669
291597a100aadd814d197af4f4bab3a7,1,1,1600000957,1,1,748
9b698eb3105bd82528f23d0c92dedfc0,1,0,1600000219,1,0,501
8c7bbbba95c1025975e548cee86dfadc,1,0,1600000057,3,2,785
5e9f92a01c986bafcabbafd145520b13,1,0,1600000930,3,1,856
0ff39bbbf981ac0151d340c9aa40e63e,1,0,1600000482,1,1,493
303ed4c69846ab36c2904d3ba8573050,0,0,0,4,0,304
443cb001c138b2561a0d90720d6ce111,1,0,1600000235,3,2,492
55b37c5c270e5d84c793e486d798c01d,0,0,0,0,0,309
884d247c6f65a96a7da4d1105d584ddd,1,1,1600000952,3,3,880
55743cc0393b1cb4b8b37d09ae48d097,1,0,1600000848,0,3,879
30ef30b64204a3088a26bc2e6ecf7602,1,1,1600000499,0,2,456
eaae339c4d89fc102edd9dbdb6a28915,1,1,1600000544,0,2,976
ab233b682ec355648e7891e66c54191b,0,0,0,1,0,392
3d2d8ccb37df977cb6d9da15b76c3f3a,1,1,1600000008,3,4,183
26408ffa703a72e8ac0117e74ad46f33,1,1,1600000331,0,1,768
b4288d9c0ec0a1841b3b3728321e7088,1,0,1600000397,0,4,540
2f37d10131f2a483a8dd005b3d14b0d9,0,0,0,2,3,310
0ff8033cf9437c213ee13937b1c4c455,1,1,1600000745,0,0,642
68264bdb65b97eeae6788aa3348e553c,1,1,1600000187,1,2,737
3a066bda8c96b9478bb0512f0a43028c,1,1,1600000372,0,2,283
be3159ad04564bfb90db9e32851ebf9c,0,0,0,2,2,210
8757150decbd89b0f5442ca3db4d0e0e,1,1,1600000361,4,0,115
2291d2ec3b3048d1a6f86c2c4591b7e0,1,0,1600000917,2,4,829
84117275be999ff55a987b9381e01f96,1,1,1600000498,3,1,945
fae0b27c451c728867a567e8c1bb4e53,0,0,0,2,1,392
b5dc4e5d9b495d0196f61d45b26ef33e,1,1,1600000333,4,2,58
192fc044e74dffea144f9ac5dc9f3395,1,0,1600000508,0,3,100
5c04925674920eb58467fb52ce4ef728,1,0,1600000836,2,3,586
17c276c8e723eb46aef576537e9d56d0,1,0,1600000681,3,0,52
5dd9db5e033da9c6fb5ba83c7a7ebea9,0,0,0,4,2,936
2dea61eed4bceec564a00115c4d21334,1,1,1600000484,3,0,987
9f396fe44e7c05c16873b05ec425cbad,1,1,1600000569,3,4,588
0d7de1aca9299fe63f3e0041f02638a3,1,0,1600000251,2,0,234
8fecb20817b3847419bb3de39a609afe,0,0,0,3,4,896
dc6a70712a252123c40d2adba6a11d84,1,1,1600000983,4,2,463
71a3cb155f8dc89bf3d0365288219936,1,0,1600000723,2,0,495
9fe8593a8a330607d76796b35c64c600,0,0,0,4,4,411
ca9c267dad0305d1a6308d2a0cf1c39c,1,0,1600000278,0,2,524
fccb3cdc9acc14a6e70a12f74560c026,0,0,0,3,4,85
1595af6435015c77a7149e92a551338e,1,1,1600000354,2,0,675
08d98638c6fcd194a4b1e6992063e944,1,1,1600000049,1,0,559
24681928425f5a9133504de568f5f6df,1,0,1600000671,0,1,877
556f391937dfd4398cbac35e050a2177,1,0,1600000959,0,1,125
3328bdf9a4b9504b9398284244fe97c2,1,1,1600000665,2,1,662
109a0ca3bc27f3e96597370d5c8cf03d,1,0,1600000045,1,3,449
7f5d04d189dfb634e6a85bb9d9adf21e,1,1,1600000618,1,0,32
f79921bbae40a577928b76d2fc3edc2a,1,1,1600000175,1,1,841
07a96b1f61097ccb54be14d6a47439b0,0,0,0,3,1,47
c06d06da9666a219db15cf575aff2824,0,0,0,4,1,147
10a5ab2db37feedfdeaab192ead4ac0e,1,0,1600000893,2,2,114
e555ebe0ce426f7f9b2bef0706315e0c,0,0,0,3,2,692
53e3a7161e428b65688f14b84d61c610,0,0,0,3,1,263
5487315b1286f907165907aa8fc96619,1,1,1600000710,2,2,109
e4bb4c5173c2ce17fd8fcd40041c068f,1,0,1600000512,4,2,607
0cb929eae7a499e50248a3a78f7acfc7,1,0,1600000084,4,3,117
8a0e1141fd37fa5b98d5bb769ba1a7cc,1,0,1600000339,2,3,492
99bcfcd754a98ce89cb86f73acc04645,1,0,1600000310,3,4,687
afd4836712c5e77550897e25711e1d96,0,0,0,0,0,890
e5841df2166dd424a57127423d276bbe,1,0,1600000031,2,0,155
b4a528955b84f584974e92d025a75d1f,1,0,1600000340,3,0,365
b1eec33c726a60554bc78518d5f9b32c,1,0,1600000631,3,0,666
d6c651ddcd97183b2e40bc464231c962,1,0,1600000238,4,1,935
f64eac11f2cd8f0efa196f8ad173178e,1,1,1600000576,4,0,572
4a47d2983c8bd392b120b627e0e1cab4,0,0,0,2,1,409
9c82c7143c102b71c593d98d96093fde,1,0,1600000626,0,4,672
500e75a036dc2d7d2fec5da1b71d36cc,1,0,1600000301,2,1,593
ae0eb3eed39d2bcef4622b2499a05fe6,1,0,1600000737,0,3,390
1ecfb463472ec9115b10c292ef8bc986,1,0,1600000941,4,0,213
e70611883d2760c8bbafb4acb29e3446,1,1,1600000906,1,3,975
6081594975a764c8e3a691fa2b3a321d,1,1,1600000578,1,0,54
19bc916108fc6938f52cb96f7e087941,0,0,0,1,4,241
07c5807d0d927dcd0980f86024e5208b,1,0,1600000489,4,1,862
d14220ee66aeec73c49038385428ec4c,1,0,1600000206,3,0,601
8df707a948fac1b4a0f97aa554886ec8,1,0,1600000770,2,2,627
e7f8a7fb0b77bcb3b283af5be021448f,1,1,1600000702,3,4,447
788d986905533aba051261497ecffcbb,1,1,1600000433,4,1,653
50c3d7614917b24303ee6a220679dab3,1,1,1600000107,2,2,996
2afe4567e1bf64d32a5527244d104cea,1,1,1600000210,1,3,71
5f2c22cb4a5380af7ca75622a6426917,0,0,0,3,3,999
aba3b6fd5d186d28e06ff97135cade7f,1,0,1600000211,4,0,374
c8ed21db4f678f3b13b9d5ee16489088,1,0,1600000060,2,2,364
08419be897405321542838d77f855226,1,1,1600000358,2,1,828
7f1171a78ce0780a2142a6eb7bc4f3c8,1,1,1600000774,2,0,662
82f2b308c3b01637c607ce05f52a2fed,1,1,1600000461,2,2,297
0d3180d672e08b4c5312dcdafdf6ef36,1,0,1600000367,0,1,982
fb89705ae6d743bf1e848c206e16a1d7,1,0,1600000504,0,2,272
d4c2e4a3297fe25a71d030b67eb83bfc,1,0,1600000727,0,2,771
5751ec3e9a4feab575962e78e006250d,1,1,1600000492,4,4,464
d5cfead94f5350c12c322b5b664544c1,0,0,0,2,3,417
59c33016884a62116be975a9bb8257e3,1,1,1600000774,2,4,78
ba3866600c3540f67c1e9575e213be0a,1,0,1600000394,2,4,763
6c29793a140a811d0c45ce03c1c93a28,1,0,1600000010,3,0,359
e995f98d56967d946471af29d7bf99f1,1,1,1600000942,2,1,563
6cd67d9b6f0150c77bda2eda01ae484c,1,1,1600000572,3,2,663
6bc24fc1ab650b25b4114e93a98f1eba,0,0,0,4,2,761
a5cdd4aa0048b187f7182f1b9ce7a6a7,1,0,1600000579,3,4,136
217eedd1ba8c592db97d0dbe54c7adfc,1,1,1600000944,2,3,717
df263d996281d984952c07998dc54358,0,0,0,3,4,402
edfbe1afcf9246bb0d40eb4d8027d90f,1,1,1600000549,3,4,291
2e65f2f2fdaf6c699b223c61b1b5ab89,1,0,1600000936,3,3,67
e94550c93cd70fe748e6982b3439ad3b,1,1,1600000754,0,2,40
5c572eca050594c7bc3c36e7e8ab9550,1,1,1600000770,3,2,437
0537fb40a68c18da59a35c2bfe1ca554,1,1,1600000225,0,3,672
5f0f5e5f33945135b874349cfbed4fb9,0,0,0,1,1,944
185e65bc40581880c4f2c82958de8cfe,1,1,1600000380,0,0,937
8d317bdcf4aafcfc22149d77babee96d,1,1,1600000352,3,2,243
e49b8b4053df9505e1f48c3a701c0682,1,0,1600000145,4,3,923
b056eb1587586b71e2da9acfe4fbd19e,0,0,0,2,0,917
b137fdd1f79d56c7edf3365fea7520f2,0,0,0,2,1,261
912d2b1c7b2826caf99687388d2e8f7c,1,0,1600000375,3,2,556
a1d33d0dfec820b41b54430b50e96b5c,1,1,1600000206,1,4,45
6f2268bd1d3d3ebaabb04d6b5d099425,1,0,1600000092,0,2,100
872488f88d1b2db54d55bc8bba2fad1b,0,0,0,1,4,82
ccb0989662211f61edae2e26d58ea92f,1,0,1600000646,4,4,194
2823f4797102ce1a1aec05359cc16dd9,1,1,1600000920,1,4,310
470e7a4f017a5476afb7eeb3f8b96f9b,1,1,1600000132,3,3,330
bf62768ca46b6c3b5bea9515d1a1fc45,1,1,1600000313,3,4,671
fa14d4fe2f19414de3ebd9f63d5c0169,1,0,1600000029,2,2,135
2ca65f58e35d9ad45bf7f3ae5cfd08f1,1,0,1600000352,2,2,668
88ae6372cfdc5df69a976e893f4d554b,0,0,0,2,3,284
06997f04a7db92466a2baa6ebc8b872d,1,1,1600000280,4,3,763
eefc9e10ebdc4a2333b42b2dbb8f27b6,1,0,1600000948,4,3,78
5807a685d1a9ab3b599035bc566ce2b9,1,1,1600000512,4,2,586
d840cc5d906c3e9c84374c8919d2074e,0,0,0,0,4,649
959a557f5f6beb411fd954f3f34b21c3,1,0,1600000822,2,2,281
f2201f5191c4e92cc5af043eebfd0946,0,0,0,1,3,329
3a835d3215755c435ef4fe9965a3f2a0,0,0,0,4,4,652
288cc0ff022877bd3df94bc9360b9c5d,1,1,1600000504,1,3,543
4ea06fbc83cdd0a06020c35d50e1e89a,1,1,1600000866,4,2,673
b7ee6f5f9aa5cd17ca1aea43ce848496,0,0,0,0,2,961
e57c6b956a6521b28495f2886ca0977a,0,0,0,0,1,445
86b122d4358357d834a87ce618a55de0,1,0,1600000710,2,4,855
4e0928de075538c593fbdabb0c5ef2c3,1,0,1600000676,2,1,826
c0f168ce8900fa56e57789e2a2f2c9d0,1,1,1600000315,1,4,127
8c6744c9d42ec2cb9e8885b54ff744d0,0,0,0,3,2,347
f1c1592588411002af340cbaedd6fc33,1,0,1600000958,3,4,235
e07413354875be01a996dc560274708e,1,1,1600000927,1,2,95
67d96d458abdef21792e6d8e590244e7,1,0,1600000221,4,3,82
a8e864d04c95572d1aece099af852d0a,1,1,1600000038,4,0,617
7143d7fbadfa4693b9eec507d9d37443,0,0,0,0,1,589
72da7fd6d1302c0a159f6436d01e9eb0,1,0,1600000463,2,4,875
6e0721b2c6977135b916ef286bcb49ec,1,1,1600000313,0,0,10
fc8001f834f6a5f0561080d134d53d29,1,1,1600000148,3,4,286
4b04a686b0ad13dce35fa99fa4161c65,1,1,1600000034,0,4,964
61b4a64be663682e8cb037d9719ad8cd,0,0,0,4,2,314
3621f1454cacf995530ea53652ddf8fb,1,0,1600000101,4,1,459
c15da1f2b5e5ed6e6837a3802f0d1593,0,0,0,4,1,291
68053af2923e00204c3ca7c6a3150cf7,1,1,1600000197,2,0,16
2dace78f80bc92e6d7493423d729448e,1,1,1600000422,3,4,199
df7f28ac89ca37bf1abd2f6c184fe1cf,1,0,1600000782,1,0,695
96ea64f3a1aa2fd00c72faacf0cb8ac9,1,1,1600000979,2,3,146
da8ce53cf0240070ce6c69c48cd588ee,0,0,0,4,0,18
82489c9737cc245530c7a6ebef3753ec,1,1,1600000550,0,0,82
7c590f01490190db0ed02a5070e20f01,0,0,0,2,3,786
35cf8659cfcb13224cbd47863a34fc58,1,1,1600000432,2,1,87
beb22fb694d513edcf5533cf006dfeae,1,1,1600000231,2,2,606
9e3cfc48eccf81a0d57663e129aef3cb,1,0,1600000307,4,4,679
28267ab848bcf807b2ed53c3a8f8fc8a,1,0,1600000045,3,0,688
7a53928fa4dd31e82c6ef826f341daec,1,1,1600000050,3,0,251
1905aedab9bf2477edc068a355bba31a,1,0,1600000364,0,4,111
1141938ba2c2b13f5505d7c424ebae5f,1,1,1600000385,0,1,309
1aa48fc4880bb0c9b8a3bf979d3b917e,1,1,1600000338,1,3,595
dc5689792e08eb2e219dce49e64c885b,1,1,1600000908,1,0,356
846c260d715e5b854ffad5f70a516c88,1,1,1600000176,1,2,298
d58072be2820e8682c0a27c0518e805e,0,0,0,4,0,65
6e7b33fdea3adc80ebd648fffb665bb8,1,1,1600000743,0,2,617
a8ecbabae151abacba7dbde04f761c37,1,0,1600000053,1,0,535
32b30a250abd6331e03a2a1f16466346,1,1,1600000029,2,1,886
b6edc1cd1f36e45daf6d7824d7bb2283,0,0,0,1,4,873
670e8a43b246801ca1eaca97b3e19189,1,1,1600000474,0,4,726
81e74d678581a3bb7a720b019f4f1a93,1,0,1600000874,0,2,112
e0cf1f47118daebc5b16269099ad7347,1,1,1600000147,2,2,943
96b9bff013acedfb1d140579e2fbeb63,1,0,1600000753,1,2,761
71ad16ad2c4d81f348082ff6c4b20768,1,1,1600000527,3,0,596
43fa7f58b7eac7ac872209342e62e8f1,0,0,0,2,2,837
31839b036f63806cba3f47b93af8ccb5,1,1,1600000174,1,4,398
f0adc8838f4bdedde4ec2cfad0515589,1,0,1600000697,0,2,829
3b5dca501ee1e6d8cd7b905f4e1bf723,1,1,1600000551,0,4,846
e2a2dcc36a08a345332c751b2f2e476c,1,1,1600000810,1,4,767
4558dbb6f6f8bb2e16d03b85bde76e2c,1,1,1600000850,1,4,0
afda332245e2af431fb7b672a68b659d,1,1,1600000741,1,4,953
632cee946db83e7a52ce5e8d6f0fed35,1,0,1600000428,3,1,344
677e09724f0e2df9b6c000b75b5da10d,0,0,0,2,3,92
d554f7bb7be44a7267068a7df88ddd20,1,1,1600000638,3,3,832
795c7a7a5ec6b460ec00c5841019b9e9,1,1,1600000069,3,3,50
fa3a3c407f82377f55c19c5d403335c7,1,1,1600000528,1,3,112
c2626d850c80ea07e7511bbae4c76f4b,1,1,1600000787,0,3,961
ce78d1da254c0843eb23951ae077ff5f,1,0,1600000694,4,1,232
8e82ab7243b7c66d768f1b8ce1c967eb,1,0,1600000182,1,0,241
e0ec453e28e061cc58ac43f91dc2f3f0,1,1,1600000595,4,0,107
7250eb93b3c18cc9daa29cf58af7a004,1,0,1600000616,0,3,787
013a006f03dbc5392effeb8f18fda755,1,1,1600000460,0,1,745
301ad0e3bd5cb1627a2044908a42fdc2,0,0,0,0,3,962
4d5b995358e7798bc7e9d9db83c612a5,1,0,1600000895,1,4,852
ab88b15733f543179858600245108dd8,1,1,1600000010,2,1,866
b0b183c207f46f0cca7dc63b2604f5cc,1,1,1600000579,0,0,97
f9028faec74be6ec9b852b0a542e2f39,1,0,1600000590,2,3,255
8f7d807e1f53eff5f9efbe5cb81090fb,1,0,1600000427,1,0,361
fa83a11a198d5a7f0bf77a1987bcd006,1,0,1600000269,3,2,204
02a32ad2669e6fe298e607fe7cc0e1a0,0,0,0,3,1,42
fc3cf452d3da8402bebb765225ce8c0e,1,1,1600000526,4,2,156
3d8e28caf901313a554cebc7d32e67e5,1,0,1600000613,1,0,293
e97ee2054defb209c35fe4dc94599061,1,1,1600000311,4,2,566
b86e8d03fe992d1b0e19656875ee557c,1,0,1600000185,3,1,793
84f7e69969dea92a925508f7c1f9579a,1,1,1600000801,2,3,433
f4552671f8909587cf485ea990207f3b,0,0,0,4,1,853
362e80d4df43b03ae6d3f8540cd63626,1,1,1600000981,3,2,899
fe8c15fed5f808006ce95eddb7366e35,0,0,0,2,3,291
1efa39bcaec6f3900149160693694536,1,1,1600000505,4,1,759
92fb0c6d1758261f10d052e6e2c1123c,0,0,0,4,2,332
22ac3c5a5bf0b520d281c122d1490650,0,0,0,3,4,384
aff1621254f7c1be92f64550478c56e6,1,1,1600000113,2,3,631
f7e9050c92a851b0016442ab604b0488,1,0,1600000565,0,3,8
addfa9b7e234254d26e9c7f2af1005cb,1,1,1600000453,2,3,689
8c235f89a8143a28a1d6067e959dd858,1,1,1600000232,2,1,311
847cc55b7032108eee6dd897f3bca8a5,1,1,1600000048,4,2,741
a67f096809415ca1c9f112d96d27689b,0,0,0,1,4,980
2a084e55c87b1ebcdaad1f62fdbbac8e,1,1,1600000100,2,0,306
fc49306d97602c8ed1be1dfbf0835ead,1,0,1600000513,0,3,637
f9a40a4780f5e1306c46f1c8daecee3b,1,1,1600000566,1,0,366
5ec91aac30eae62f4140325d09b9afd0,1,1,1600000157,4,2,897
19b650660b253761af189682e03501dd,1,0,1600000446,3,3,783
1fc214004c9481e4c8073e85323bfd4b,1,1,1600000960,1,2,644
3b3dbaf68507998acd6a5a5254ab2d76,1,1,1600000538,2,0,160
ca8155f4d27f205953f9d3d7974bdd70,0,0,0,2,2,364
ede7e2b6d13a41ddf9f4bdef84fdc737,1,0,1600000352,2,1,487
dd45045f8c68db9f54e70c67048d32e8,1,0,1600000469,4,3,361
49c9adb18e44be0711a94e827042f630,1,0,1600000384,1,3,671
22fb0cee7e1f3bde58293de743871417,1,1,1600000465,4,0,587
aeb3135b436aa55373822c010763dd54,1,1,1600000963,0,2,756
43feaeeecd7b2fe2ae2e26d917b6477d,1,0,1600000192,2,3,215
98d6f58ab0dafbb86b083a001561bb34,1,0,1600000226,1,0,535
51ef186e18dc00c2d31982567235c559,1,0,1600000197,0,1,999
4b0a59ddf11c58e7446c9df0da541a84,1,0,1600000272,0,0,913
67d16d00201083a2b118dd5128dd6f59,1,1,1600000098,3,4,838
352407221afb776e3143e8a1a0577885,1,0,1600000993,4,2,262
dd8eb9f23fbd362da0e3f4e70b878c16,1,1,1600000807,4,3,963
d516b13671a4179d9b7b458a6ebdeb92,1,0,1600000281,3,1,226
1f50893f80d6830d62765ffad7721742,1,1,1600000831,0,2,746
7504adad8bb96320eb3afdd4df6e1f60,1,0,1600000261,1,1,764
6c3cf77d52820cd0fe646d38bc2145ca,1,1,1600000833,1,1,335
210f760a89db30aa72ca258a3483cc7f,1,0,1600000867,2,3,758
170c944978496731ba71f34c25826a34,0,0,0,2,2,429
0efe32849d230d7f53049ddc4a4b0c60,1,0,1600000659,2,2,346
704afe073992cbe4813cae2f7715336f,1,0,1600000990,4,4,822
7ce3284b743aefde80ffd9aec500e085,1,1,1600000472,3,0,888
0a113ef6b61820daa5611c870ed8d5ee,1,1,1600000870,3,0,337
07871915a8107172b3b5dc15a6574ad3,1,1,1600000496,2,4,723
024d7f84fff11dd7e8d9c510137a2381,1,0,1600000338,1,4,281
cfbce4c1d7c425baf21d6b6f2babe6be,0,0,0,0,0,305
c2aee86157b4a40b78132f1e71a9e6f1,1,0,1600000541,2,3,53
d56b9fc4b0f1be8871f5e1c40c0067e7,0,0,0,4,3,525
4b0250793549726d5c1ea3906726ebfe,1,1,1600000852,1,4,11
20aee3a5f4643755a79ee5f6a73050ac,1,0,1600000939,0,3,115
061412e4a03c02f9902576ec55ebbe77,1,0,1600000203,4,2,927
5705e1164a8394aace6018e27d20d237,0,0,0,4,2,214
a64c94baaf368e1840a1324e839230de,0,0,0,3,3,381
01882513d5fa7c329e940dda99b12147,1,1,1600000400,0,4,33
acf4b89d3d503d8252c9c4ba75ddbf6d,1,0,1600000691,3,3,12
892c91e0a653ba19df81a90f89d99bcd,1,1,1600000186,1,2,920
b6a1085a27ab7bff7550f8a3bd017df8,0,0,0,2,0,379
aa169b49b583a2b5af89203c2b78c67c,0,0,0,4,1,412
f47d0ad31c4c49061b9e505593e3db98,1,0,1600000478,4,4,346
f57a2f557b098c43f11ab969efe1504b,0,0,0,1,2,385
c8fbbc86abe8bd6a5eb6a3b4d0411301,0,0,0,2,3,75
621461af90cadfdaf0e8d4cc25129f91,1,1,1600000571,4,0,460
8b6dd7db9af49e67306feb59a8bdc52c,0,0,0,4,1,590
a4300b002bcfb71f291dac175d52df94,0,0,0,3,4,676
e205ee2a5de471a70c1fd1b46033a75f,1,0,1600000248,2,4,700
b56a18e0eacdf51aa2a5306b0f533204,1,0,1600000402,4,3,185
2a9d121cd9c3a1832bb6d2cc6bd7a8a7,1,1,1600000277,3,3,868
8b5040a8a5baf3e0e67386c2e3a9b903,1,0,1600000183,4,0,703
7634ea65a4e6d9041cfd3f7de18e334a,1,1,1600000098,1,4,925
24896ee4c6526356cc127852413ea3b4,1,0,1600000143,3,0,39
23ce1851341ec1fa9e0c259de10bf87c,1,1,1600000187,0,2,125
da0d1111d2dc5d489242e60ebcbaf988,1,0,1600000988,4,3,124
1e056d2b0ebd5c878c550da6ac5d3724,1,1,1600000108,4,0,42
3e89ebdb49f712c7d90d1b39e348bbbf,1,0,1600000650,3,4,303
6d0f846348a856321729a2f36734d1a7,1,1,1600000445,4,2,571
430c3626b879b4005d41b8a46172e0c0,1,1,1600000987,2,2,895
ccc0aa1b81bf81e16c676ddb977c5881,1,0,1600000564,1,1,406
c4015b7f368e6b4871809f49debe0579,1,1,1600000639,3,1,748
bea5955b308361a1b07bc55042e25e54,1,0,1600000146,0,4,603
7fa732b517cbed14a48843d74526c11a,1,0,1600000906,2,2,754
cbb6a3b884f4f88b3a8e3d44c636cbd8,1,0,1600000310,2,0,912
1f4477bad7af3616c1f933a02bfabe4e,1,1,1600000964,3,4,817
d045c59a90d7587d8d671b5f5aec4e7c,1,1,1600000880,4,1,532
0d0871f0806eae32d30983b62252da50,1,0,1600000841,3,4,659
1cc3633c579a90cfdd895e64021e2163,0,0,0,2,1,571
9f53d83ec0691550f7d2507d57f4f5a2,1,0,1600000859,1,1,958
d2ed45a52bc0edfa11c2064e9edee8bf,0,0,0,1,3,991
043c3d7e489c69b48737cc0c92d0f3a2,1,1,1600000730,0,1,439
4daa3db355ef2b0e64b472968cb70f0d,1,1,1600000580,2,4,671
e820a45f1dfc7b95282d10b6087e11c0,1,1,1600000043,3,0,478
90794e3b050f815354e3e29e977a88ab,1,1,1600000585,1,1,841
b7892fb3c2f009c65f686f6355c895b5,1,0,1600000167,0,2,711
74bba22728b6185eec06286af6bec36d,1,0,1600000402,3,4,699
3df1d4b96d8976ff5986393e8767f5b2,1,0,1600000422,2,4,618
8d6dc35e506fc23349dd10ee68dabb64,1,0,1600000770,4,3,91
92262bf907af914b95a0fc33c3f33bf6,0,0,0,4,2,85
b55ec28c52d5f6205684a473a2193564,1,1,1600000407,3,2,406
2f885d0fbe2e131bfc9d98363e55d1d4,1,1,1600000709,4,0,870
64223ccf70bbb65a3a4aceac37e21016,1,0,1600000119,3,0,722
4b6538a44a1dfdc2b83477cd76dee98e,1,1,1600000660,3,2,247
c8c41c4a18675a74e01c8a20e8a0f662,1,1,1600000668,4,0,375
c4b31ce7d95c75ca70d50c19aef08bf1,1,1,1600000186,3,3,784
58e4d44e550d0f7ee0a23d6b02d9b0db,1,0,1600000749,2,2,924
3cef96dcc9b8035d23f69e30bb19218a,1,0,1600000676,3,4,617
a3d68b461bd9d3533ee1dd3ce4628ed4,1,1,1600000116,3,1,970
1c1d4df596d01da60385f0bb17a4a9e0,0,0,0,3,2,477
e6cb2a3c14431b55aa50c06529eaa21b,0,0,0,0,0,645
9232fe81225bcaef853ae32870a2b0fe,1,0,1600000204,3,4,732
6395ebd0f4b478145ecfbaf939454fa4,1,1,1600000249,2,4,659
ef4e3b775c934dada217712d76f3d51f,1,1,1600000945,1,1,211
168908dd3227b8358eababa07fcaf091,1,1,1600000280,3,2,611
2ba596643cbbbc20318224181fa46b28,1,0,1600000243,4,2,608
d240e3d38a8882ecad8633c8f9c78c9b,1,1,1600000918,4,0,452
0f840be9b8db4d3fbd5ba2ce59211f55,1,0,1600000382,0,4,548
437d7d1d97917cd627a34a6a0fb41136,0,0,0,2,3,907
d707329bece455a462b58ce00d1194c9,1,0,1600000746,0,0,441
5c936263f3428a40227908d5a3847c0b,1,1,1600000338,1,3,986
1ce927f875864094e3906a4a0b5ece68,1,0,1600000064,3,3,92
8065d07da4a77621450aa84fee5656d9,1,0,1600000677,1,1,445
eeb69a3cb92300456b6a5f4162093851,1,0,1600000379,2,4,936
4e0cb6fb5fb446d1c92ede2ed8780188,1,0,1600000470,4,0,451
6cfe0e6127fa25df2a0ef2ae1067d915,1,1,1600000249,3,3,488
8f468c873a32bb0619eaeb2050ba45d1,1,0,1600000522,3,3,597
e744f91c29ec99f0e662c9177946c627,1,1,1600000129,1,3,726
89fcd07f20b6785b92134bd6c1d0fa42,0,0,0,2,2,528
6602294be910b1e3c4571bd98c4d5484,1,0,1600000683,0,3,304
c22abfa379f38b5b0411bc11fa9bf92f,1,1,1600000704,0,1,673
ca75910166da03ff9d4655a0338e6b09,0,0,0,2,0,409
4311359ed4969e8401880e3c1836fbe1,1,0,1600000356,1,2,376
92977ae4d2ba21425a59afb269c2a14e,1,0,1600000054,1,0,143
9c01802ddb981e6bcfbec0f0516b8e35,0,0,0,3,4,137
cc1aa436277138f61cda703991069eaf,1,0,1600000778,2,2,524
2ab56412b1163ee131e1246da0955bd1,0,0,0,0,0,843
c32d9bf27a3da7ec8163957080c8628e,0,0,0,1,4,52
d79aac075930c83c2f1e369a511148fe,1,1,1600000703,3,0,742
287e03db1d99e0ec2edb90d079e142f3,0,0,0,3,1,747
fec8d47d412bcbeece3d9128ae855a7a,0,0,0,4,4,233
6aab1270668d8cac7cef2566a1c5f569,1,1,1600000487,4,2,218
d93ed5b6db83be78efb0d05ae420158e,1,0,1600000451,0,3,631
54a367d629152b720749e187b3eaa11b,1,1,1600000873,1,1,761
fe7ee8fc1959cc7214fa21c4840dff0a,1,1,1600000820,1,2,36
df6d2338b2b8fce1ec2f6dda0a630eb0,1,0,1600000884,3,0,360
9908279ebbf1f9b250ba689db6a0222b,1,0,1600000184,4,0,648
a1140a3d0df1c81e24ae954d935e8926,1,0,1600000644,2,0,200
4fac9ba115140ac4f1c22da82aa0bc7f,1,1,1600000702,1,0,156
692f93be8c7a41525c0baf2076aecfb4,0,0,0,4,4,284
860320be12a1c050cd7731794e231bd3,1,0,1600000583,4,4,106
7b13b2203029ed80337f27127a9f1d28,1,1,1600000066,1,2,946
934815ad542a4a7c5e8a2dfa04fea9f5,1,1,1600000321,0,1,131
2bcab9d935d219641434683dd9d18a03,1,1,1600000283,0,0,516
0b8aff0438617c055eb55f0ba5d226fa,0,0,0,1,3,927
ec5aa0b7846082a2415f0902f0da88f2,1,1,1600000159,1,2,635
9ab0d88431732957a618d4a469a0d4c3,1,1,1600000089,1,0,681
b706835de79a2b4e80506f582af3676a,1,1,1600000066,3,2,58
