id_,opportunity,test_flag,opportunity_timestamp,num_impressions,num_clicks,total_spend
cfcd208495d565ef66e7dff9f98764da,1,0,1600000430,1,4,514
c4ca4238a0b923820dcc509a6f75849b,1,1,1600000401,2,2,338
c81e728d9d4c2f636f067f89cc14862c,0,0,0,4,4,571
eccbc87e4b5ce2fe28308fd9f2a7baf3,0,0,0,0,2,749
a87ff679a2f3e71d9181a67b7542122c,0,0,0,4,4,759
e4da3b7fbbce2345d7772b0674a318d5,1,1,1600000461,4,3,488
1679091c5a880faf6fb5e6087eb1b2dc,1,0,1600000052,2,1,526
8f14e45fceea167a5a36dedd4bea2543,1,0,1600000831,4,3,105
c9f0f895fb98ab9159f51fd0297e236d,1,0,1600000530,1,2,762
45c48cce2e2d7fbdea1afc51c7c6ad26,1,0,1600000972,1,1,340
d3d9446802a44259755d38e6d163e820,0,0,0,1,2,333
6512bd43d9caa6e02c990b0a82652dca,0,0,0,3,0,616
c20ad4d76fe97759aa27a0c99bff6710,1,0,1600000106,2,3,458
c51ce410c124a10e0db5e4b97fc2af39,1,1,1600000940,2,3,667
aab3238922bcc25a6f606eb525ffdc56,1,1,1600000040,2,4,136
9bf31c7ff062936a96d3c8bd1f8f2ff3,1,0,1600000197,4,3,647
c74d97b01eae257e44aa9d5bade97baf,1,0,1600000215,3,1,271
70efdf2ec9b086079795c442636b55fb,1,1,1600000927,0,4,333
6f4922f45568161a8cdf4ad2299f6d23,1,0,1600000560,4,1,77
1f0e3dad99908345f7439f8ffabdffc4,1,0,1600000398,1,1,463
98f13708210194c475687be6106a3b84,1,0,1600000303,0,3,950
3c59dc048e8850243be8079a5c74d079,1,1,1600000612,3,0,376
b6d767d2f8ed5d21a44b0e5886680cb9,1,0,1600000164,3,2,898
37693cfc748049e45d87b8c7d8b9aacd,1,1,1600000263,0,3,588
1ff1de774005f8da13f42943881c655f,1,1,1600000515,4,3,491
8e296a067a37563370ded05f5a3bf3ec,1,1,1600000622,4,0,605
4e732ced3463d06de0ca9a15b6153677,1,1,1600000652,3,3,50
02e74f10e0327ad868d138f2b4fdd6f0,1,0,1600000782,3,3,768
33e75ff09dd601bbe69f351039152189,0,0,0,4,2,13
6ea9ab1baa0efb9e19094440c317e21b,1,1,1600000764,2,2,213
34173cb38f07f89ddbebc2ac9128303f,1,1,1600000250,2,2,228
c16a5320fa475530d9583c34fd356ef5,1,0,1600000319,2,0,527
6364d3f0f495b6ab9dcf8d3b5c6e0b01,0,0,0,1,0,430
182be0c5cdcd5072bb1864cdee4d3d6e,1,0,1600000786,0,4,495
e369853df766fa44e1ed0ff613f563bd,1,0,1600000639,1,4,932
1c383cd30b7c298ab50293adfecb7b18,1,1,1600000562,0,4,40
19ca14e7ea6328a42e0eb13d585e4c22,1,1,1600000322,1,1,786
a5bfc9e07964f8dddeb95fc584cd965d,1,0,1600000282,0,4,279
a5771bce93e200c36f7cd9dfd0e5deaa,1,0,1600000544,0,3,500
d67d8ab4f4c10bf22aa353e27879133c,0,0,0,0,2,443
d645920e395fedad7bbbed0eca3fe2e0,0,0,0,1,0,69
3416a75f4cea9109507cacd8e2f2aefc,1,0,1600000620,3,0,929
a1d0c6e83f027327d8461063f4ac58a6,1,1,1600000522,1,1,946
17e62166fc8586dfa4d1bc0e1742c08b,1,1,1600000227,2,0,469
f7177163c833dff4b38fc8d2872f1ec6,1,0,1600000494,2,1,188
6c8349cc7260ae62e3b1396831a8398f,1,0,1600000416,4,3,274
d9d4f495e875a2e075a1a4a6e1b9770f,1,1,1600000742,4,4,529
67c6a1e7ce56d3d6fa748ab6d9af3fd7,1,0,1600000865,3,1,961
642e92efb79421734881b53e1e1b18b6,1,1,1600000106,3,3,801
f457c545a9ded88f18ecee47145a72c0,0,0,0,1,0,112
c0c7c76d30bd3dcaefc96f40275bdc0a,1,1,1600000303,4,1,591
2838023a778dfaecdc212708f721b788,0,0,0,1,0,693
9a1158154dfa42caddbd0694a4e9bdc8,1,0,1600000184,2,3,42
d82c8d1619ad8176d665453cfb2e55f0,1,0,1600000153,1,3,965
a684eceee76fc522773286a895bc8436,0,0,0,2,2,915
b53b3a3d6ab90ce0268229151c9bde11,0,0,0,1,2,635
9f61408e3afb633e50cdf1b20de6f466,1,0,1600000408,3,2,623
72b32a1f754ba1c09b3695e0cb6cde7f,1,0,1600000443,1,4,571
66f041e16a60928b05a7e228a89c3799,1,1,1600000329,3,4,176
093f65e080a295f8076b1c5722a46aa2,0,0,0,1,1,554
072b030ba126b2f4b2374f342be9ed44,0,0,0,2,1,54
7f39f8317fbdb1988ef4c628eba02591,1,1,1600000487,4,1,115
44f683a84163b3523afe57c2e008bc8c,0,0,0,4,2,88
03afdbd66e7929b125f8597834fa83a4,1,1,1600000831,4,0,794
ea5d2f1c4608232e07d3aa3d998e5135,1,1,1600000519,2,3,737
fc490ca45c00b1249bbe3554a4fdf6fb,1,1,1600000755,0,3,458
3295c76acbf4caaed33c36b1b5fc2cb1,1,0,1600000032,0,0,774
735b90b4568125ed6c3f678819b6e058,1,1,1600000920,3,4,811
a3f390d88e4c41f2747bfa2f1b5f87db,1,0,1600000509,3,1,979
14bfa6bb14875e45bba028a21ed38046,1,0,1600000701,4,4,310
7cbbc409ec990f19c78c75bd1e06f215,1,0,1600000251,3,0,689
e2c420d928d4bf8ce0ff2ec19b371514,1,0,1600000559,2,1,963
32bb90e8976aab5298d5da10fe66f21d,1,1,1600000908,4,0,211
d2ddea18f00665ce8623e36bd4e3c7c5,0,0,0,3,3,968
ad61ab143223efbc24c7d2583be69251,1,0,1600000358,1,4,444
d09bf41544a3365a46c9077ebb5e35c3,1,0,1600000986,3,3,470
fbd7939d674997cdb4692d34de8633c4,1,0,1600000462,0,4,84
28dd2c7955ce926456240b2ff0100bde,0,0,0,3,0,411
35f4a8d465e6e1edc05f3d8ab658c551,1,0,1600000939,2,0,437
d1fe173d08e959397adf34b1d77e88d7,1,0,1600000312,1,2,879
f033ab37c30201f73f142449d037028d,0,0,0,2,0,238
43ec517d68b6edd3015b3edc9a11367b,0,0,0,0,1,915
9778d5d219c5080b9a6a17bef029331c,1,1,1600000071,2,4,502
fe9fc289c3ff0af142b6d3bead98a923,1,0,1600000753,4,3,84
68d30a9594728bc39aa24be94b319d21,0,0,0,2,4,368
3ef815416f775098fe977004015c6193,1,1,1600000298,3,3,257
93db85ed909c13838ff95ccfa94cebd9,1,1,1600000101,3,2,324
c7e1249ffc03eb9ded908c236bd1996d,1,1,1600000429,4,3,668
2a38a4a9316c49e5a833517c45d31070,1,0,1600000087,0,0,159
7647966b7343c29048673252e490f736,0,0,0,1,2,711
8613985ec49eb8f757ae6439e879bb2a,1,0,1600000685,2,4,756
54229abfcfa5649e7003b83dd4755294,1,1,1600000918,3,3,603
92cc227532d17e56e07902b254dfad10,1,1,1600000834,2,2,729
98dce83da57b0395e163467c9dae521b,1,0,1600000866,0,2,596
f4b9ec30ad9f68f89b29639786cb62ef,1,1,1600000803,2,0,733
812b4ba287f5ee0bc9d43bbf5bbe87fb,1,1,1600000620,1,2,764
26657d5ff9020d2abefe558796b99584,1,1,1600000653,2,0,511
e2ef524fbf3d9fe611d5a8e90fefdc9c,1,0,1600000594,0,3,442
ed3d2c21991e3bef5e069713af9fa6ca,1,0,1600000230,1,2,207
ac627ab1ccbdb62ec96e702f07f6425b,1,1,1600000332,2,1,98
f899139df5e1059396431415e770c6dd,1,1,1600000445,2,0,757
38b3eff8baf56627478ec76a704e9b52,1,1,1600000544,1,0,654
ec8956637a99787bd197eacd77acce5e,1,0,1600000037,0,3,587
6974ce5ac660610b44d9b9fed0ff9548,1,1,1600000681,3,0,893
c9e1074f5b3f9fc8ea15d152add07294,1,0,1600000622,0,0,413
65b9eea6e1cc6bb9f0cd2a47751a186f,1,1,1600000669,4,3,257
f0935e4cd5920aa6c7c996a5ee53a70f,1,0,1600000544,1,4,322
a97da629b098b75c294dffdc3e463904,1,0,1600000505,2,2,262
a3c65c2974270fd093ee8a9bf8ae7d0b,1,0,1600000892,4,1,971
2723d092b63885e0d7c260cc007e8b9d,1,0,1600000658,4,0,970
5f93f983524def3dca464469d2cf9f3e,1,0,1600000720,2,3,87
698d51a19d8a121ce581499d7b701668,1,0,1600000180,4,1,97
7f6ffaa6bb0b408017b62254211691b5,1,0,1600000726,3,3,651
73278a4a86960eeb576a8fd4c9ec6997,1,1,1600000616,4,4,800
5fd0b37cd7dbbb00f97ba6ce92bf5add,1,0,1600000552,2,1,308
2b44928ae11fb9384c4cf38708677c48,1,0,1600000007,2,2,423
c45147dee729311ef5b5c3003946c48f,0,0,0,1,3,324
eb160de1de89d9058fcb0b968dbbbd68,1,1,1600000659,4,1,489
5ef059938ba799aaa845e1c2e8a762bd,1,0,1600000972,0,2,184
07e1cd7dca89a1678042477183b7ac3f,1,1,1600000419,4,3,285
da4fb5c6e93e74d3df8527599fa62642,1,1,1600000519,3,0,342
4c56ff4ce4aaf9573aa5dff913df997a,1,0,1600000219,1,1,71
a0a080f42e6f13b3a2df133f073095dd,1,0,1600000616,3,1,670
202cb962ac59075b964b07152d234b70,0,0,0,0,4,769
c8ffe9a587b126f152ed3d89a146b445,1,0,1600000992,0,1,120
3def184ad8f4755ff269862ea77393dd,1,0,1600000801,0,4,127
069059b7ef840f0c74a814ec9237b6ec,0,0,0,4,1,743
ec5decca5ed3d6b8079e2e7e7bacc9f2,0,0,0,3,0,857
76dc611d6ebaafc66cc0879c71b5db5c,1,0,1600000069,2,4,90
d1f491a404d6854880943e5c3cd9ca25,1,1,1600000845,0,3,950
9b8619251a19057cff70779273e95aa6,1,0,1600000791,3,2,541
1afa34a7f984eeabdbb0a7d494132ee5,0,0,0,4,1,322
65ded5353c5ee48d0b7d48c591b8f430,1,0,1600000530,2,1,122
9fc3d7152ba9336a670e36d0ed79bc43,1,1,1600000797,3,2,735
02522a2b2726fb0a03bb19f2d8d9524d,1,1,1600000951,1,4,405
7f1de29e6da19d22b51c68001e7e0e54,1,0,1600000355,0,1,38
42a0e188f5033bc65bf8d78622277c4e,1,1,1600000720,0,0,663
3988c7f88ebcb58c6ce932b957b6f332,1,1,1600000846,2,2,713
013d407166ec4fa56eb1e1f8cbe183b9,0,0,0,3,0,897
e00da03b685a0dd18fb6a08af0923de0,1,1,1600000532,3,3,653
1385974ed5904a438616ff7bdb3f7439,1,1,1600000354,0,0,805
0f28b5d49b3020afeecd95b4009adf4c,1,0,1600000670,2,3,540
a8baa56554f96369ab93e4f3bb068c22,1,1,1600000829,1,4,362
903ce9225fca3e988c2af215d4e544d3,0,0,0,4,3,650
0a09c8844ba8f0936c20bd791130d6b6,1,1,1600000760,3,1,517
2b24d495052a8ce66358eb576b8912c8,1,0,1600000559,2,4,79
a5e00132373a7031000fd987a3c9f87b,1,1,1600000962,3,4,205
8d5e957f297893487bd98fa830fa6413,1,1,1600000656,3,2,922
47d1e990583c9c67424d369f3414728e,1,0,1600000744,4,3,693
f2217062e9a397a1dca429e7d70bc6ca,1,0,1600000484,1,0,999
7ef605fc8dba5425d6965fbd4c8fbe1f,0,0,0,4,0,351
a8f15eda80c50adb0e71943adc8015cf,0,0,0,3,2,3
37a749d808e46495a8da1e5352d03cae,1,1,1600000459,1,0,815
b3e3e393c77e35a4a3f3cbd1e429b5dc,1,1,1600000556,1,1,989
1d7f7abc18fcb43975065399b0d1e48e,1,1,1600000818,3,2,50
2a79ea27c279e471f4d180b08d62b00a,1,1,1600000267,1,1,303
1c9ac0159c94d8d0cbedc973445af2da,1,1,1600000820,4,0,220
6c4b761a28b734fe93831e3fb400ce87,1,0,1600000865,1,2,968
06409663226af2f3114485aa4e0a23b4,1,1,1600000752,2,1,670
140f6969d5213fd0ece03148e62e461e,1,1,1600000020,3,3,909
b73ce398c39f506af761d2277d853a92,0,0,0,3,3,190
bd4c9ab730f5513206b999ec0d90d1fb,1,0,1600000338,4,1,917
82aa4b0af34c2313a562076992e50aa3,1,0,1600000369,2,4,750
0777d5c17d4066b82ab86dff8a46af6f,1,0,1600000650,4,1,919
fa7cdfad1a5aaf8370ebeda47a1ff1c3,0,0,0,0,4,431
9766527f2b5d3e95d4a733fcfb77bd7e,0,0,0,2,0,894
7e7757b1e12abcb736ab9a754ffb617a,1,0,1600000548,3,3,507
5878a7ab84fb43402106c575658472fa,1,1,1600000569,2,4,541
006f52e9102a8d3be2fe5614f42ba989,1,1,1600000280,4,2,360
3636638817772e42b59d74cff571fbb3,0,0,0,3,1,145
149e9677a5989fd342ae44213df68868,1,1,1600000390,3,4,733
a4a042cf4fd6bfb47701cbc8a1653ada,1,1,1600000509,1,4,866
1ff8a7b5dc7a7d1f0ed65aaa29c04b1e,1,0,1600000859,4,4,349
f7e6c85504ce6e82442c770f7c8606f0,1,1,1600000052,1,0,198
bf8229696f7a3bb4700cfddef19fa23f,1,1,1600000980,4,0,529
82161242827b703e6acf9c726942a1e4,1,1,1600000338,2,2,865
38af86134b65d0f10fe33d30dd76442e,1,1,1600000262,0,3,939
96da2f590cd7246bbde0051047b0d6f7,1,0,1600000286,3,2,140
8f85517967795eeef66c225f7883bdcb,0,0,0,3,3,316
8f53295a73878494e9bc8dd6c3c7104f,1,1,1600000315,2,2,805
045117b0e0a11a242b9765e79cbf113f,1,1,1600000733,1,0,557
fc221309746013ac554571fbd180e1c8,1,1,1600000813,1,1,430
4c5bde74a8f110656874902f07378009,1,0,1600000661,0,1,493
cedebb6e872f539bef8c3f919874e9d7,0,0,0,1,3,247
6cdd60ea0045eb7a6ec44c54d29ed402,1,0,1600000197,3,4,196
eecca5b6365d9607ee5a9d336962c534,1,0,1600000860,0,1,708
9872ed9fc22fc182d371c3e9ed316094,0,0,0,0,3,718
31fefc0e570cb3860f2a6d4b38c6490d,0,0,0,0,2,474
9dcb88e0137649590b755372b040afad,1,0,1600000141,1,3,365
a2557a7b2e94197ff767970b67041697,1,0,1600000159,0,1,812
cfecdb276f634854f3ef915e2e980c31,1,1,1600000163,4,1,548
0aa1883c6411f7873cb83dacb17b0afc,1,0,1600000836,3,1,749
58a2fc6ed39fd083f55d4182bf88826d,1,1,1600000406,0,4,299
bd686fd640be98efaae0091fa301e613,1,0,1600000157,1,0,948
a597e50502f5ff68e3e25b9114205d4a,1,0,1600000432,3,4,42
0336dcbab05b9d5ad24f4333c7658a0e,0,0,0,0,0,533
084b6fbb10729ed4da8c3d3f5a3ae7c9,1,1,1600000959,3,2,673
85d8ce590ad8981ca2c8286f79f59954,1,0,1600000068,2,0,47
0e65972dce68dad4d52d063967f0a705,1,1,1600000145,1,1,218
84d9ee44e457ddef7f2c4f25dc8fa865,1,0,1600000464,2,3,124
3644a684f98ea8fe223c713b77189a77,0,0,0,4,1,72
757b505cfd34c64c85ca5b5690ee5293,1,0,1600000453,2,3,336
854d6fae5ee42911677c739ee1734486,1,0,1600000127,1,2,876
e2c0be24560d78c5e599c2a9c9d0bbd2,1,1,1600000165,3,4,396
274ad4786c3abca69fa097b85867d9a4,1,0,1600000944,3,4,528
eae27d77ca20db309e056e3d2dcd7d69,0,0,0,3,3,655
7eabe3a1649ffa2b3ff8c02ebfd5659f,1,1,1600000916,1,0,398
69adc1e107f7f7d035d7baf04342e1ca,0,0,0,1,3,440
091d584fced301b442654dd8c23b3fc9,1,0,1600000273,4,4,336
b1d10e7bafa4421218a51b1e1f1b0ba2,1,0,1600000516,4,1,670
6f3ef77ac0e3619e98159e9b6febf557,0,0,0,0,1,821
eb163727917cbba1eea208541a643e74,1,1,1600000812,4,2,888
1534b76d325a8f591b52d302e7181331,0,0,0,0,0,784
979d472a84804b9f647bc185a877a8b5,1,0,1600000038,2,3,699
ca46c1b9512a7a8315fa3c5a946e8265,1,1,1600000390,4,2,269
3b8a614226a953a8cd9526fca6fe9ba5,1,1,1600000183,4,3,941
45fbc6d3e05ebd93369ce542e8f2322d,1,0,1600000471,4,3,867
63dc7ed1010d3c3b8269faf0ba7491d4,1,0,1600000234,1,0,72
e96ed478dab8595a7dbda4cbcbee168f,1,1,1600000600,1,2,810
c0e190d8267e36708f955d7ab048990d,1,0,1600000434,3,2,750
ec8ce6abb3e952a85b8551ba726a1227,1,1,1600000699,3,0,354
060ad92489947d410d897474079c1477,1,1,1600000264,3,0,546
bcbe3365e6ac95ea2c0343a2395834dd,1,0,1600000784,4,1,283
115f89503138416a242f40fb7d7f338e,1,1,1600000197,4,3,290
13fe9d84310e77f13a6d184dbf1232f3,1,0,1600000399,1,3,487
d1c38a09acc34845c6be3a127a5aacaf,1,0,1600000479,0,3,147
9cfdf10e8fc047a44b08ed031e1f0ed1,1,0,1600000539,4,3,198
705f2172834666788607efbfca35afb3,1,1,1600000907,0,4,939
74db120f0a8e5646ef5a30154e9f6deb,0,0,0,1,4,203
57aeee35c98205091e18d1140e9f38cf,1,0,1600000879,3,2,71
6da9003b743b65f4c0ccd295cc484e57,1,1,1600000477,2,1,717
9b04d152845ec0a378394003c96da594,0,0,0,2,0,372
be83ab3ecd0db773eb2dc1b0a17836a1,1,0,1600000859,1,2,192
e165421110ba03099a1c0393373c5b43,1,1,1600000492,4,4,929
289dff07669d7a23de0ef88d2f7129e7,1,0,1600000947,1,2,604
577ef1154f3240ad5b9b413aa7346a1e,1,0,1600000398,1,4,87
01161aaa0b6d1345dd8fe4e481144d84,1,1,1600000576,0,1,94
539fd53b59e3bb12d203f45a912eeaf2,1,0,1600000090,2,3,402
ac1dd209cbcc5e5d1c6e28598e8cbbe8,1,1,1600000023,3,2,438
555d6702c950ecb729a966504af0a635,0,0,0,1,1,280
335f5352088d7d9bf74191e006d8e24c,1,0,1600000860,2,4,975
f340f1b1f65b6df5b5e3f94d95b11daf,1,1,1600000656,2,0,951
e4a6222cdb5b34375400904f03d8e6a5,1,0,1600000091,2,3,434
cb70ab375662576bd1ac5aaf16b3fca4,1,1,1600000988,3,2,299
9188905e74c28e489b44e954ec0b9bca,1,0,1600000949,3,0,203
0266e33d3f546cb5436a10798e657d97,1,1,1600000123,2,1,641
38db3aed920cf82ab059bfccbd02be6a,1,1,1600000526,4,2,391
3cec07e9ba5f5bb252d13f5f431e4bbb,1,1,1600000012,3,0,839
621bf66ddb7c962aa0d22ac97d69b793,1,0,1600000539,0,1,565
077e29b11be80ab57e1a2ecabb7da330,1,1,1600000458,0,3,236
6c9882bbac1c7093bd25041881277658,1,1,1600000922,0,2,649
19f3cd308f1455b3fa09a282e0d496f4,1,0,1600000933,0,2,692
03c6b06952c750899bb03d998e631860,0,0,0,1,3,272
c24cd76e1ce41366a4bbe8a49b02a028,1,1,1600000202,4,2,553
c52f1bd66cc19d05628bd8bf27af3ad6,0,0,0,3,3,664
fe131d7f5a6b38b23cc967316c13dae2,1,0,1600000064,3,2,344
f718499c1c8cef6730f9fd03c8125cab,1,1,1600000173,0,4,558
d96409bf894217686ba124d7356686c9,1,0,1600000582,1,0,785
502e4a16930e414107ee22b6198c578f,1,1,1600000304,4,3,905
cfa0860e83a4c3a763a7e62d825349f7,1,1,1600000784,1,3,98
a4f23670e1833f3fdb077ca70bbd5d66,1,1,1600000193,0,2,48
b1a59b315fc9a3002ce38bbe070ec3f5,0,0,0,4,1,415
36660e59856b4de58a219bcf4e27eba3,1,1,1600000492,2,0,944
8c19f571e251e61cb8dd3612f26d5ecf,1,1,1600000609,0,4,266
d6baf65e0b240ce177cf70da146c8dc8,1,0,1600000718,0,1,172
e56954b4f6347e897f954495eab16a88,1,1,1600000861,4,4,862
f7664060cc52bc6f3d620bcedc94a4b6,1,0,1600000426,2,1,821
eda80a3d5b344bc40f3bc04f65b7a357,0,0,0,3,0,258
8f121ce07d74717e0b1f21d122e04521,1,1,1600000984,2,2,552
06138bc5af6023646ede0e1f7c1eac75,0,0,0,2,4,479
39059724f73a9969845dfe4146c5660e,1,1,1600000591,2,3,888
7f100b7b36092fb9b06dfb4fac360931,1,0,1600000858,2,3,618
7a614fd06c325499f1680b9896beedeb,1,0,1600000655,0,2,59
4734ba6f3de83d861c3176a6273cac6d,0,0,0,3,3,23
d947bf06a885db0d477d707121934ff8,1,0,1600000845,3,0,14
63923f49e5241343aa7acb6a06a751e7,1,1,1600000095,1,0,353
db8e1af0cb3aca1ae2d0018624204529,1,1,1600000481,0,2,842
20f07591c6fcb220ffe637cda29bb3f6,1,0,1600000347,3,2,962
07cdfd23373b17c6b337251c22b7ea57,0,0,0,4,3,608
d395771085aab05244a4fb8fd91bf4ee,1,1,1600000721,3,2,901
92c8c96e4c37100777c7190b76d28233,1,0,1600000448,3,0,505
e3796ae838835da0b6f6ea37bcf8bcb7,1,1,1600000998,0,4,710
6a9aeddfc689c1d0e3b9ccc3ab651bc5,1,1,1600000952,3,0,602
0f49c89d1e7298bb9930789c8ed59d48,1,1,1600000907,1,3,258
46ba9f2a6976570b0353203ec4474217,1,1,1600000050,3,1,165
0e01938fc48a2cfb5f2217fbfb00722d,1,0,1600000310,1,2,905
16a5cdae362b8d27a1d8f8c7b78b4330,1,1,1600000974,3,2,527
918317b57931b6b7a7d29490fe5ec9f9,1,1,1600000454,3,0,994
48aedb8880cab8c45637abc7493ecddd,1,1,1600000657,3,1,332
839ab46820b524afda05122893c2fe8e,1,0,1600000714,3,4,791
f90f2aca5c640289d0a29417bcb63a37,1,0,1600000994,0,3,5
9c838d2e45b2ad1094d42f4ef36764f6,1,0,1600000565,4,4,69
1700002963a49da13542e0726b7bb758,1,0,1600000280,4,4,477
53c3bce66e43be4f209556518c2fcb54,0,0,0,4,3,750
6883966fd8f918a4aa29be29d2c386fb,1,1,1600000169,3,1,912
49182f81e6a13cf5eaa496d51fea6406,0,0,0,1,1,114
d296c101daa88a51f6ca8cfc1ac79b50,1,0,1600000970,3,3,55
9fd81843ad7f202f26c1a174c7357585,1,1,1600000739,3,4,929
26e359e83860db1d11b6acca57d8ea88,1,1,1600000167,2,2,354
ef0d3930a7b6c95bd2b32ed45989c61f,0,0,0,3,0,289
94f6d7e04a4d452035300f18b984988c,1,0,1600000765,0,0,812
34ed066df378efacc9b924ec161e7639,0,0,0,4,4,938
577bcc914f9e55d5e4e4f82f9f00e7d4,1,1,1600000582,3,2,21
11b9842e0a271ff252c1903e7132cd68,1,0,1600000325,2,0,0
37bc2f75bf1bcfe8450a1a41c200364c,0,0,0,4,4,557
496e05e1aea0a9c4655800e8a7b9ea28,0,0,0,1,3,131
b2eb7349035754953b57a32e2841bda5,1,1,1600000231,1,1,989
8e98d81f8217304975ccb23337bb5761,1,1,1600000886,0,1,968
a8c88a0055f636e4a163a5e3d16adab7,1,0,1600000515,3,2,535
eddea82ad2755b24c4e168c5fc2ebd40,1,0,1600000096,2,4,396
06eb61b839a0cefee4967c67ccb099dc,1,1,1600000900,4,3,46
9dfcd5e558dfa04aaf37f137a1d9d3e5,0,0,0,3,1,765
950a4152c2b4aa3ad78bdd6b366cc179,1,1,1600000482,2,1,749
158f3069a435b314a80bdcb024f8e422,0,0,0,0,1,378
758874998f5bd0c393da094e1967a72b,1,0,1600000256,1,3,638
ad13a2a07ca4b7642959dc0c4c740ab6,1,1,1600000722,3,2,945
3fe94a002317b5f9259f82690aeea4cd,0,0,0,4,3,382
5b8add2a5d98b1a652ea7fd72d942dac,1,0,1600000794,1,4,968
432aca3a1e345e339f35a30c8f65edce,1,1,1600000052,0,1,71
8d3bba7425e7c98c50f52ca1b52d3735,1,1,1600000684,4,2,564
320722549d1751cf3f247855f937b982,1,0,1600000380,0,2,346
caf1a3dfb505ffed0d024130f58c5cfa,1,0,1600000619,1,4,515
5737c6ec2e0716f3d8a7a5c4e0de0d9a,1,0,1600000166,4,2,645
bc6dc48b743dc5d013b1abaebd2faed2,1,0,1600000144,3,2,296
f2fc990265c712c49d51a18a32b39f0c,1,0,1600000514,3,0,557
89f0fd5c927d466d6ec9a21b9ac34ffa,1,1,1600000315,3,4,962
a666587afda6e89aec274a3657558a27,1,0,1600000380,2,0,764
b83aac23b9528732c23cc7352950e880,1,1,1600000895,4,0,538
cd00692c3bfe59267d5ecfac5310286c,1,1,1600000863,2,4,678
6faa8040da20ef399b63a72d0e4ab575,1,1,1600000891,0,4,784
fe73f687e5bc5280214e0486b273a5f9,1,0,1600000139,4,3,12
6da37dd3139aa4d9aa55b8d237ec5d4a,1,0,1600000123,1,3,953
c042f4db68f23406c6cecf84a7ebb0fe,0,0,0,2,3,30
310dcbbf4cce62f762a2aaa148d556bd,1,0,1600000443,1,3,986
2f2b265625d76a6704b08093c652fd79,1,1,1600000343,3,1,260
f9b902fc3289af4dd08de5d1de54f68f,1,1,1600000215,1,0,387
6855456e2fe46a9d49d3d3af4f57443d,1,0,1600000785,4,0,751
357a6fdf7642bf815a88822c447d9dc4,1,0,1600000480,2,2,100
819f46e52c25763a55cc642422644317,0,0,0,2,3,982
04025959b191f8f9de3f924f0940515f,1,0,1600000613,2,4,928
40008b9a5380fcacce3976bf7c08af5b,1,1,1600000143,3,3,524
3dd48ab31d016ffcbf3314df2b3cb9ce,1,1,1600000354,1,1,436
58238e9ae2dd305d79c2ebc8c1883422,1,1,1600000219,3,1,11
3ad7c2ebb96fcba7cda0cf54a2e802f5,1,0,1600000894,1,2,184
b3967a0e938dc2a6340e258630febd5a,0,0,0,2,0,708
d81f9c1be2e08964bf9f24b15f0e4900,1,0,1600000985,0,0,430
13f9896df61279c928f19721878fac41,0,0,0,4,2,821
c5ff2543b53f4cc0ad3819a36752467b,1,0,1600000320,0,3,941
01386bd6d8e091c2ab4c7c7de644d37b,1,0,1600000412,0,4,767
0bb4aec1710521c12ee76289d9440817,1,0,1600000810,1,3,938
9de6d14fff9806d4bcd1ef555be766cd,1,1,1600000177,0,3,127
efe937780e95574250dabe07151bdc23,0,0,0,1,2,993
371bce7dc83817b7893bcdeed13799b5,1,1,1600000038,0,1,955
138bb0696595b338afbab333c555292a,1,0,1600000163,3,4,999
8dd48d6a2e2cad213179a3992c0be53c,1,0,1600000153,2,0,805
82cec96096d4281b7c95cd7e74623496,1,0,1600000071,0,2,709
6c524f9d5d7027454a783c841250ba71,1,1,1600000961,3,4,200
fb7b9ffa5462084c5f4e7e85a093e6d7,1,1,1600000639,3,1,269
aa942ab2bfa6ebda4840e7360ce6e7ef,1,0,1600000707,2,1,935
c058f544c737782deacefa532d9add4c,1,1,1600000357,1,2,457
e7b24b112a44fdd9ee93bdf998c6ca0e,1,0,1600000818,0,1,83
52720e003547c70561bf5e03b95aa99f,0,0,0,2,0,388
c3e878e27f52e2a57ace4d9a76fd9acf,0,0,0,1,0,382
00411460f7c92d2124a67ea0f4cb5f85,1,1,1600000994,4,3,371
bac9162b47c56fc8a4d2a519803d51b3,1,0,1600000248,1,3,381
9be40cee5b0eee1462c82c6964087ff9,1,1,1600000782,1,0,407
5ef698cd9fe650923ea331c15af3b160,1,0,1600000363,3,4,402
05049e90fa4f5039a8cadc6acbb4b2cc,1,0,1600000604,2,0,869
cf004fdc76fa1a4f25f62e0eb5261ca3,1,1,1600000754,4,2,565
0c74b7f78409a4022a2c4c5a5ca3ee19,0,0,0,0,3,861
d709f38ef758b5066ef31b18039b8ce5,1,1,1600000922,3,0,306
41f1f19176d383480afa65d325c06ed0,1,1,1600000427,4,0,913
24b16fede9a67c9251d3e7c7161c83ac,0,0,0,1,1,2
ffd52f3c7e12435a724a8f30fddadd9c,1,0,1600000942,0,0,792
ad972f10e0800b49d76fed33a21f6698,0,0,0,1,2,911
f61d6947467ccd3aa5af24db320235dd,1,0,1600000028,1,3,946
142949df56ea8ae0be8b5306971900a4,1,0,1600000464,1,1,202
d34ab169b70c9dcd35e62896010cd9ff,0,0,0,0,4,21
8bf1211fd4b7b94528899de0a43b9fb3,1,1,1600000251,3,1,726
a02ffd91ece5e7efeb46db8f10a74059,1,0,1600000301,3,1,467
bca82e41ee7b0833588399b1fcd177c7,1,1,1600000395,4,2,750
00ec53c4682d36f5c4359f4ae7bd7ba1,1,0,1600000969,0,2,735
4f6ffe13a5d75b2d6a3923922b3922e5,1,1,1600000854,2,2,701
beed13602b9b0e6ecb5b568ff5058f07,1,0,1600000578,2,0,737
0584ce565c824b7b7f50282d9a19945b,1,0,1600000552,3,3,770
dc912a253d1e9ba40e2c597ed2376640,1,1,1600000761,1,4,672
39461a19e9eddfb385ea76b26521ea48,1,0,1600000285,0,1,127
8efb100a295c0c690931222ff4467bb8,1,0,1600000720,3,4,55
d9fc5b73a8d78fad3d6dffe419384e70,1,1,1600000748,2,3,172
c86a7ee3d8ef0b551ed58e354a836f2b,0,0,0,4,4,975
a01a0380ca3c61428c26a231f0e49a09,1,1,1600000418,0,3,104
5a4b25aaed25c2ee1b74de72dc03c14e,1,0,1600000416,1,4,995
f73b76ce8949fe29bf2a537cfa420e8f,1,0,1600000079,3,4,691
70c639df5e30bdee440e4cdf599fec2b,0,0,0,3,3,192
28f0b864598a1291557bed248a998d4e,1,0,1600000667,4,4,438
1543843a4723ed2ab08e18053ae6dc5b,1,1,1600000869,0,3,799
f8c1f23d6a8d8d7904fc0ea8e066b3bb,1,0,1600000851,0,2,207
e46de7e1bcaaced9a54f1e9d0d2f800d,0,0,0,1,2,429
b7b16ecf8ca53723593894116071700c,1,1,1600000575,1,3,651
352fe25daf686bdb4edca223c921acea,1,1,1600000556,1,2,496
18d8042386b79e2c279fd162df0205c8,0,0,0,0,4,222
816b112c6105b3ebd537828a39af4818,1,1,1600000623,3,1,647
69cb3ea317a32c4e6143e665fdb20b14,1,1,1600000961,4,0,563
bbf94b34eb32268ada57a3be5062fe7d,1,0,1600000714,1,1,282
4f4adcbf8c6f66dcfc8a3282ac2bf10a,0,0,0,4,1,624
bbcbff5c1f1ded46c25d28119a85c6c2,0,0,0,3,4,896
8cb22bdd0b7ba1ab13d742e22eed8da2,1,1,1600000973,2,3,372
f4f6dce2f3a0f9dada0c2b5b66452017,1,0,1600000869,2,4,71
0d0fd7c6e093f7b804fa0150b875b868,1,0,1600000346,0,3,446
a96b65a721e561e1e3de768ac819ffbb,1,1,1600000200,3,4,455
1068c6e4c8051cfd4e9ea8072e3189e2,0,0,0,4,2,331
17d63b1625c816c22647a73e1482372b,1,1,1600000963,1,2,440
b9228e0962a78b84f3d5d92f4faa000b,1,0,1600000903,1,2,242
0deb1c54814305ca9ad266f53bc82511,1,0,1600000151,4,1,266
66808e327dc79d135ba18e051673d906,1,1,1600000439,2,1,458
42e7aaa88b48137a16a1acd04ed91125,1,0,1600000527,2,0,610
8fe0093bb30d6f8c31474bd0764e6ac0,1,0,1600000029,3,2,350
41ae36ecb9b3eee609d05b90c14222fb,1,1,1600000203,1,1,802
d1f255a373a3cef72e03aa9d980c7eca,0,0,0,2,2,934
7eacb532570ff6858afd2723755ff790,1,0,1600000475,0,3,713
b6f0479ae87d244975439c6124592772,0,0,0,3,2,891
e0c641195b27425bb056ac56f8953d24,1,1,1600000349,3,0,654
f85454e8279be180185cac7d243c5eb3,0,0,0,0,1,178
faa9afea49ef2ff029a833cccc778fd0,1,1,1600000214,3,0,902
3c7781a36bcd6cf08c11a970fbe0e2a6,0,0,0,4,4,761
25b2822c2f5a3230abfadd476e8b04c9,1,1,1600000788,2,2,862
6ecbdd6ec859d284dc13885a37ce8d81,1,1,1600000125,0,3,317
18997733ec258a9fcaf239cc55d53363,0,0,0,3,4,777
8d7d8ee069cb0cbbf816bbb65d56947e,1,1,1600000161,2,4,256
75fc093c0ee742f6dddaa13fff98f104,1,0,1600000326,2,0,714
f74909ace68e51891440e4da0b65a70c,1,1,1600000508,1,1,333
66368270ffd51418ec58bd793f2d9b1b,1,0,1600000022,2,4,706
248e844336797ec98478f85e7626de4a,1,0,1600000425,4,0,307
019d385eb67632a7e958e23f24bd07d7,1,1,1600000740,3,2,112
a49e9411d64ff53eccfdd09ad10a15b3,1,0,1600000481,3,3,277
ddb30680a691d157187ee1cf9e896d03,1,0,1600000381,3,4,54
2421fcb1263b9530df88f7f002e78ea5,1,0,1600000202,4,3,545
fccb60fb512d13df5083790d64c4d5dd,1,0,1600000674,3,2,550
1651cf0d2f737d7adeab84d339dbabd3,1,1,1600000062,2,3,507
eed5af6add95a9a6f1252739b1ad8c24,1,0,1600000307,3,2,633
a8abb4bb284b5b27aa7cb790dc20f80b,1,0,1600000147,1,0,83
15d4e891d784977cacbfcbb00c48f133,1,0,1600000515,0,4,283
c203d8a151612acf12457e4d67635a95,1,1,1600000286,4,1,531
13f3cf8c531952d72e5847c4183e6910,1,0,1600000658,1,1,223
550a141f12de6341fba65b0ad0433500,1,1,1600000418,4,3,947
67f7fb873eaf29526a11a9b7ac33bfac,1,0,1600000662,4,0,617
1a5b1e4daae265b790965a275b53ae50,1,0,1600000339,2,2,876
9a96876e2f8f3dc4f3cf45f02c61c0c1,0,0,0,3,4,843
9b70e8fe62e40c570a322f1b0b659098,1,1,1600000825,2,0,862
d61e4bbd6393c9111e6526ea173a7c8b,1,0,1600000076,1,3,569
f5f8590cd58a54e94377e6ae2eded4d9,1,1,1600000426,0,0,263
941e1aaaba585b952b62c14a3a175a61,1,0,1600000284,1,3,120
9431c87f273e507e6040fcb07dcb4509,1,0,1600000249,1,0,510
49ae49a23f67c759bf4fc791ba842aa2,1,0,1600000810,0,3,578
e44fea3bec53bcea3b7513ccef5857ac,1,1,1600000403,1,0,343
821fa74b50ba3f7cba1e6c53e8fa6845,1,1,1600000744,3,1,567
250cf8b51c773f3f8dc8b4be867a9a02,1,1,1600000938,4,1,587
42998cf32d552343bc8e460416382dca,0,0,0,0,1,430
d07e70efcfab08731a97e7b91be644de,1,0,1600000977,0,3,576
7fe1f8abaad094e0b5cb1b01d712f708,1,1,1600000595,1,2,1
98b297950041a42470269d56260243a1,1,0,1600000464,3,2,917
0353ab4cbed5beae847a7ff6e220b5cf,1,0,1600000043,0,1,558
51d92be1c60d1db1d2e5e7a07da55b26,1,0,1600000003,4,4,764
428fca9bc1921c25c5121f9da7815cde,1,0,1600000397,4,2,6
f1b6f2857fb6d44dd73c7041e0aa0f19,1,1,1600000312,3,0,238
68ce199ec2c5517597ce0a4d89620f55,1,0,1600000017,3,4,115
e836d813fd184325132fca8edcdfb40e,1,1,1600000393,4,1,922
ab817c9349cf9c4f6877e1894a1faa00,1,0,1600000694,1,4,910
877a9ba7a98f75b90a9d49f53f15a858,1,0,1600000855,1,1,612
dc6a6489640ca02b0d42dabeb8e46bb7,1,1,1600000684,1,4,885
26337353b7962f533d78c762373b3318,1,0,1600000205,4,2,942
8e6b42f1644ecb1327dc03ab345e618b,1,1,1600000516,4,4,614
ef575e8837d065a1683c022d2077d342,0,0,0,2,4,313
2050e03ca119580f74cca14cc6e97462,1,0,1600000526,2,0,356
25ddc0f8c9d3e22e03d3076f98d83cb2,1,1,1600000315,2,2,10
5ef0b4eba35ab2d6180b0bca7e46b6f9,1,1,1600000031,1,4,579
598b3e71ec378bd83e0a727608b5db01,1,0,1600000903,3,1,138
74071a673307ca7459bcf75fbd024e09,1,1,1600000523,3,0,19
cfee398643cbc3dc5eefc89334cacdc1,0,0,0,0,2,4
d18f655c3fce66ca401d5f38b48c89af,0,0,0,4,2,44
6ea2ef7311b482724a9b7b0bc0dd85c6,1,1,1600000417,0,2,970
9461cce28ebe3e76fb4b931c35a169b0,1,1,1600000856,3,4,807
f770b62bc8f42a0b66751fe636fc6eb0,0,0,0,1,2,950
e1e32e235eee1f970470a3a6658dfdd5,1,0,1600000692,0,3,319
eba0dc302bcd9a273f8bbb72be3a687b,1,1,1600000422,0,1,465
218a0aefd1d1a4be65601cc6ddc1520e,1,0,1600000919,1,2,187
7d04bbbe5494ae9d2f5a76aa1c00fa2f,1,0,1600000624,4,0,701
a516a87cfcaef229b342c437fe2b95f7,1,1,1600000692,3,3,412
c3c59e5f8b3e9753913f4d435b53c308,1,1,1600000240,4,4,789
854d9fca60b4bd07f9bb215d59ef5561,1,0,1600000645,1,2,839
c410003ef13d451727aeff9082c29a5c,1,1,1600000659,0,0,779
559cb990c9dffd8675f6bc2186971dc2,1,1,1600000653,3,0,348
55a7cf9c71f1c9c495413f934dd1a158,1,0,1600000343,0,0,210
2f55707d4193dc27118a0f19a1985716,1,0,1600000409,3,0,489
1be3bc32e6564055d5ca3e5a354acbef,1,0,1600000393,2,1,583
35051070e572e47d2c26c241ab88307f,1,0,1600000088,2,4,515
b534ba68236ba543ae44b22bd110a1d6,1,0,1600000812,3,3,96
7380ad8a673226ae47fce7bff88e9c33,1,1,1600000314,2,3,211
05f971b5ec196b8c65b75d2ef8267331,1,1,1600000245,2,0,701
3cf166c6b73f030b4f67eeaeba301103,1,0,1600000855,1,3,996
cee631121c2ec9232f3a2f028ad5c89b,1,1,1600000454,2,3,987
5b69b9cb83065d403869739ae7f0995e,1,1,1600000542,2,3,385
b5b41fac0361d157d9673ecb926af5ae,1,1,1600000120,3,4,165
285e19f20beded7d215102b49d5c09a0,1,1,1600000082,3,0,570
b337e84de8752b27eda3a12363109e80,1,0,1600000295,3,4,269
e8c0653fea13f91bf3c48159f7c24f78,1,0,1600000534,0,1,571
ff4d5fbbafdf976cfdc032e3bde78de5,1,1,1600000658,2,2,34
2d6cc4b2d139a53512fb8cbb3086ae2e,1,0,1600000282,4,1,290
389bc7bb1e1c2a5e7e147703232a88f6,1,0,1600000968,2,2,898
e2230b853516e7b05d79744fbd4c9c13,1,1,1600000911,2,0,893
087408522c31eeb1f982bc0eaf81d35f,1,0,1600000461,1,3,922
a760880003e7ddedfef56acb3b09697f,1,1,1600000814,1,4,453
10a7cdd970fe135cf4f7bb55c0e3b59f,1,0,1600000553,4,4,948
3dc4876f3f08201c7c76cb71fa1da439,1,1,1600000995,1,0,666
59b90e1005a220e2ebc542eb9d950b1e,1,1,1600000679,3,4,701
2b8a61594b1f4c4db0902a8a395ced93,1,1,1600000231,2,0,65
f3f27a324736617f20abbf2ffd806f6d,1,1,1600000319,1,3,579
38913e1d6a7b94cb0f55994f679f5956,1,1,1600000020,4,2,92
ebd9629fc3ae5e9f6611e2ee05a31cef,1,1,1600000472,1,2,838
63538fe6ef330c13a05a3ed7e599d5f7,1,1,1600000148,1,4,148
cf67355a3333e6e143439161adc2d82e,1,0,1600000410,0,4,653
07563a3fe3bbe7e3ba84431ad9d055af,0,0,0,0,1,81
53fde96fcc4b4ce72d7739202324cd49,1,0,1600000906,2,2,49
2bb232c0b13c774965ef8558f0fbd615,1,1,1600000754,3,1,605
ba2fd310dcaa8781a9a652a31baf3c68,1,0,1600000826,4,2,159
69421f032498c97020180038fddb8e24,1,1,1600000543,3,3,815
85422afb467e9456013a2a51d4dff702,1,0,1600000910,0,0,526
13f320e7b5ead1024ac95c3b208610db,1,0,1600000494,0,1,748
f4be00279ee2e0a53eafdaa94a151e2c,1,1,1600000531,1,3,671
37f0e884fbad9667e38940169d0a3c95,1,0,1600000762,4,4,414
d64a340bcb633f536d56e51874281454,1,1,1600000136,0,3,889
0fcbc61acd0479dc77e3cccc0f5ffca7,1,1,1600000135,1,0,806
298f95e1bf9136124592c8d4825a06fc,1,0,1600000510,0,1,546
df877f3865752637daa540ea9cbc474f,1,0,1600000769,3,3,986
c399862d3b9d6b76c8436e924a68c45b,1,0,1600000225,1,0,907
33e8075e9970de0cfea955afd4644bb2,0,0,0,3,3,740
65658fde58ab3c2b6e5132a39fae7cb9,1,1,1600000370,2,4,679
5ea1649a31336092c05438df996a3e59,1,0,1600000623,2,4,238
7bcdf75ad237b8e02e301f4091fb6bc8,0,0,0,2,0,921
5737034557ef5b8c02c0e46513b98f90,0,0,0,2,0,461
9b72e31dac81715466cd580a448cf823,1,0,1600000539,2,0,55
16c222aa19898e5058938167c8ab6c57,1,1,1600000413,4,4,901
7dcd340d84f762eba80aa538b0c527f7,1,1,1600000919,1,3,340
81448138f5f163ccdba4acc69819f280,1,1,1600000245,0,2,443
97e8527feaf77a97fc38f34216141515,1,0,1600000286,4,3,661
647bba344396e7c8170902bcf2e15551,1,0,1600000402,4,1,780
ed265bc903a5a097f61d3ec064d96d2e,1,0,1600000731,1,0,995
c75b6f114c23a4d7ea11331e7c00e73c,1,1,1600000726,3,2,278
8d34201a5b85900908db6cae92723617,0,0,0,2,2,91
ccb1d45fb76f7c5a0bf619f979c6cf36,1,1,1600000769,4,2,129
01f78be6f7cad02658508fe4616098a9,1,0,1600000279,4,0,370
7f24d240521d99071c93af3917215ef7,1,0,1600000216,4,2,428
94c7bb58efc3b337800875b5d382a072,0,0,0,1,2,343
f387624df552cea2f369918c5e1e12bc,1,1,1600000608,2,1,851
5e388103a391daabe3de1d76a6739ccd,1,1,1600000742,0,4,292
15de21c670ae7c3f6f3f1f37029303c9,1,0,1600000386,0,3,910
11b921ef080f7736089c757404650e40,0,0,0,4,2,546
6e2713a6efee97bacb63e52c54f0ada0,1,1,1600000375,4,1,916
1bb91f73e9d31ea2830a5e73ce3ed328,1,0,1600000099,1,4,193
3a0772443a0739141292a5429b952fe6,1,1,1600000128,3,3,417
a9a6653e48976138166de32772b1bf40,1,0,1600000303,3,2,593
58ae749f25eded36f486bc85feb3f0ab,1,0,1600000460,3,0,436
4e4b5fbbbb602b6d35bea8460aa8f8e5,1,0,1600000198,2,4,195
8eefcfdf5990e441f0fb6f3fad709e21,1,1,1600000057,0,3,252
1728efbda81692282ba642aafd57be3a,1,0,1600000572,2,4,452
cbcb58ac2e496207586df2854b17995f,1,0,1600000828,0,2,757
db85e2590b6109813dafa101ceb2faeb,1,1,1600000280,3,1,784
99c5e07b4d5de9d18c350cdf64c5aa3d,1,1,1600000165,2,3,756
dd458505749b2941217ddd59394240e8,1,1,1600000469,1,2,792
8b16ebc056e613024c057be590b542eb,1,0,1600000871,3,2,942
a86c450b76fb8c371afead6410d55534,0,0,0,4,3,518
c9892a989183de32e976c6f04e700201,1,1,1600000826,4,0,787
e6b4b2a746ed40e1af829d1fa82daa10,1,0,1600000080,4,1,160
e5f6ad6ce374177eef023bf5d0c018b6,1,1,1600000087,1,0,755
f0e52b27a7a5d6a1a87373dffa53dbe5,1,1,1600000645,1,2,164
ffeabd223de0d4eacb9a3e6e53e5448d,1,0,1600000230,1,2,628
a7aeed74714116f3b292a982238f83d2,1,1,1600000091,3,1,241
fde9264cf376fffe2ee4ddf4a988880d,0,0,0,2,0,676
a8849b052492b5106526b2331e526138,0,0,0,2,1,454
258be18e31c8188555c2ff05b4d542c3,0,0,0,3,1,959
069d3bb002acd8d7dd095917f9efe4cb,1,0,1600000869,1,1,67
c6e19e830859f2cb9f7c8f8cacb8d2a6,0,0,0,3,3,57
46922a0880a8f11f8f69cbb52b1396be,1,1,1600000179,4,1,660
9ad6aaed513b73148b7d49f70afcfb32,0,0,0,1,0,294
f5deaeeae1538fb6c45901d524ee2f98,1,0,1600000495,4,4,591
a9a1d5317a33ae8cef33961c34144f84,1,1,1600000430,0,3,374
605ff764c617d3cd28dbbdd72be8f9a2,1,0,1600000380,3,1,229
766ebcd59621e305170616ba3d3dac32,1,0,1600000120,2,4,905
daca41214b39c5dc66674d09081940f0,1,0,1600000389,3,2,942
30bb3825e8f631cc6075c0f87bb4978c,1,0,1600000136,4,3,866
08b255a5d42b89b0585260b6f2360bdd,0,0,0,3,3,458
3493894fa4ea036cfc6433c3e2ee63b0,1,1,1600000120,0,3,134
dbe272bab69f8e13f14b405e038deb64,0,0,0,4,3,764
acc3e0404646c57502b480dc052c4fe1,0,0,0,0,1,954
076a0c97d09cf1a0ec3e19c7f2529f2b,1,0,1600001000,3,4,974
04ecb1fa28506ccb6f72b12c0245ddbc,1,1,1600000428,1,1,230
b2eeb7362ef83deff5c7813a67e14f0a,1,1,1600000282,3,2,23
08c5433a60135c32e34f46a71175850c,1,1,1600000153,1,1,29
6aca97005c68f1206823815f66102863,1,0,1600000725,1,3,810
3435c378bb76d4357324dd7e69f3cd18,1,0,1600000528,3,0,260
d490d7b4576290fa60eb31b5fc917ad1,1,0,1600000776,0,4,827
b2f627fff19fda463cb386442eac2b3d,1,1,1600000517,1,3,874
c3992e9a68c5ae12bd18488bc579b30d,1,0,1600000231,1,1,334
d86ea612dec96096c5e0fcc8dd42ab6d,1,0,1600000900,1,3,627
9cf81d8026a9018052c429cc4e56739b,1,0,1600000994,4,4,333
c361bc7b2c033a83d663b8d9fb4be56e,1,1,1600000942,1,4,373
44c4c17332cace2124a1a836d9fc4b6f,0,0,0,1,2,468
dc82d632c9fcecb0778afbc7924494a6,1,0,1600000712,2,1,268
996a7fa078cc36c46d02f9af3bef918b,1,0,1600000195,4,1,871
d7a728a67d909e714c0774e22cb806f2,1,0,1600000585,1,3,488
00ac8ed3b4327bdd4ebbebcb2ba10a00,1,0,1600000375,4,2,882
8ebda540cbcc4d7336496819a46a1b68,1,1,1600000781,0,0,308
f76a89f0cb91bc419542ce9fa43902dc,1,0,1600000225,1,0,689
f29c21d4897f78948b91f03172341b7b,1,1,1600000860,1,0,351
851ddf5058cf22df63d3344ad89919cf,1,0,1600000040,3,2,595
58d4d1e7b1e97b258c9ed0b37e02d087,1,1,1600000470,4,4,96
7750ca3559e5b8e1f44210283368fc16,0,0,0,1,0,724
5d44ee6f2c3f71b73125876103c8f6c4,1,0,1600000395,4,0,866
eb6fdc36b281b7d5eabf33396c2683a2,1,1,1600000002,2,0,106
cdc0d6e63aa8e41c89689f54970bb35f,1,0,1600000295,4,2,508
b73dfe25b4b8714c029b37a6ad3006fa,0,0,0,2,3,797
85fc37b18c57097425b52fc7afbb6969,1,0,1600000971,3,1,729
3871bd64012152bfb53fdf04b401193f,1,1,1600000982,3,4,818
a733fa9b25f33689e2adbe72199f0e62,1,0,1600000402,2,3,260
48ab2f9b45957ab574cf005eb8a76760,1,1,1600000127,3,0,290
233509073ed3432027d48b1a83f5fbd2,1,0,1600000950,1,0,276
45645a27c4f1adc8a7a835976064a86d,1,0,1600000832,3,4,349
185c29dc24325934ee377cfda20e414c,1,1,1600000055,3,2,510
42e77b63637ab381e8be5f8318cc28a2,1,1,1600000004,2,1,644
051e4e127b92f5d98d3c79b195f2b291,1,0,1600000898,2,2,78
9cc138f8dc04cbf16240daa92d8d50e2,1,1,1600000207,3,4,502
b7bb35b9c6ca2aee2df08cf09d7016c2,1,0,1600000766,2,4,980
abd815286ba1007abfbb8415b83ae2cf,1,1,1600000120,0,2,241
26dd0dbc6e3f4c8043749885523d6a25,1,0,1600000060,3,2,603
6766aa2750c19aad2fa1b32f36ed4aee,1,1,1600000736,2,0,954
6a10bbd480e4c5573d8f3af73ae0454b,1,1,1600000896,3,3,945
c5ab0bc60ac7929182aadd08703f1ec6,1,1,1600000370,0,1,457
a532400ed62e772b9dc0b86f46e583ff,1,1,1600000264,1,1,244
4c27cea8526af8cfee3be5e183ac9605,1,1,1600000626,3,0,817
0f96613235062963ccde717b18f97592,0,0,0,4,1,546
4ffce04d92a4d6cb21c1494cdfcd6dc1,1,1,1600000385,0,4,172
67e103b0761e60683e83c559be18d40c,1,1,1600000932,2,4,724
291597a100aadd814d197af4f4bab3a7,1,1,1600000957,0,2,677
9b698eb3105bd82528f23d0c92dedfc0,1,0,1600000219,4,2,784
8c7bbbba95c1025975e548cee86dfadc,1,0,1600000057,3,3,977
5e9f92a01c986bafcabbafd145520b13,1,0,1600000930,4,2,17
0ff39bbbf981ac0151d340c9aa40e63e,1,0,1600000482,0,3,9
303ed4c69846ab36c2904d3ba8573050,0,0,0,1,4,921
443cb001c138b2561a0d90720d6ce111,1,0,1600000235,3,3,708
55b37c5c270e5d84c793e486d798c01d,0,0,0,0,0,872
884d247c6f65a96a7da4d1105d584ddd,1,1,1600000952,4,0,128
55743cc0393b1cb4b8b37d09ae48d097,1,0,1600000848,1,4,883
30ef30b64204a3088a26bc2e6ecf7602,1,1,1600000499,3,2,858
eaae339c4d89fc102edd9dbdb6a28915,1,1,1600000544,2,3,88
ab233b682ec355648e7891e66c54191b,0,0,0,2,4,420
3d2d8ccb37df977cb6d9da15b76c3f3a,1,1,1600000008,0,3,658
26408ffa703a72e8ac0117e74ad46f33,1,1,1600000331,2,4,841
b4288d9c0ec0a1841b3b3728321e7088,1,0,1600000397,4,3,482
2f37d10131f2a483a8dd005b3d14b0d9,0,0,0,4,2,106
0ff8033cf9437c213ee13937b1c4c455,1,1,1600000745,0,4,971
68264bdb65b97eeae6788aa3348e553c,1,1,1600000187,2,3,635
3a066bda8c96b9478bb0512f0a43028c,1,1,1600000372,3,1,751
be3159ad04564bfb90db9e32851ebf9c,0,0,0,0,4,366
8757150decbd89b0f5442ca3db4d0e0e,1,1,1600000361,4,4,710
2291d2ec3b3048d1a6f86c2c4591b7e0,1,0,1600000917,2,1,939
84117275be999ff55a987b9381e01f96,1,1,1600000498,0,1,404
fae0b27c451c728867a567e8c1bb4e53,0,0,0,2,0,294
b5dc4e5d9b495d0196f61d45b26ef33e,1,1,1600000333,2,4,296
192fc044e74dffea144f9ac5dc9f3395,1,0,1600000508,4,4,226
5c04925674920eb58467fb52ce4ef728,1,0,1600000836,4,4,656
17c276c8e723eb46aef576537e9d56d0,1,0,1600000681,1,3,252
5dd9db5e033da9c6fb5ba83c7a7ebea9,0,0,0,4,4,580
2dea61eed4bceec564a00115c4d21334,1,1,1600000484,1,3,576
9f396fe44e7c05c16873b05ec425cbad,1,1,1600000569,4,1,584
0d7de1aca9299fe63f3e0041f02638a3,1,0,1600000251,1,0,635
8fecb20817b3847419bb3de39a609afe,0,0,0,3,1,794
dc6a70712a252123c40d2adba6a11d84,1,1,1600000983,1,2,660
71a3cb155f8dc89bf3d0365288219936,1,0,1600000723,0,0,383
9fe8593a8a330607d76796b35c64c600,0,0,0,2,2,700
ca9c267dad0305d1a6308d2a0cf1c39c,1,0,1600000278,0,2,634
fccb3cdc9acc14a6e70a12f74560c026,0,0,0,4,3,198
1595af6435015c77a7149e92a551338e,1,1,1600000354,0,2,99
08d98638c6fcd194a4b1e6992063e944,1,1,1600000049,3,0,650
24681928425f5a9133504de568f5f6df,1,0,1600000671,0,2,308
556f391937dfd4398cbac35e050a2177,1,0,1600000959,1,4,955
3328bdf9a4b9504b9398284244fe97c2,1,1,1600000665,3,0,881
109a0ca3bc27f3e96597370d5c8cf03d,1,0,1600000045,1,3,534
7f5d04d189dfb634e6a85bb9d9adf21e,1,1,1600000618,1,0,963
f79921bbae40a577928b76d2fc3edc2a,1,1,1600000175,2,4,283
07a96b1f61097ccb54be14d6a47439b0,0,0,0,3,3,61
c06d06da9666a219db15cf575aff2824,0,0,0,4,3,450
10a5ab2db37feedfdeaab192ead4ac0e,1,0,1600000893,3,1,694
e555ebe0ce426f7f9b2bef0706315e0c,0,0,0,4,3,430
53e3a7161e428b65688f14b84d61c610,0,0,0,1,0,390
5487315b1286f907165907aa8fc96619,1,1,1600000710,1,3,849
e4bb4c5173c2ce17fd8fcd40041c068f,1,0,1600000512,1,3,292
0cb929eae7a499e50248a3a78f7acfc7,1,0,1600000084,1,3,989
8a0e1141fd37fa5b98d5bb769ba1a7cc,1,0,1600000339,4,2,457
99bcfcd754a98ce89cb86f73acc04645,1,0,1600000310,0,2,30
afd4836712c5e77550897e25711e1d96,0,0,0,4,2,91
e5841df2166dd424a57127423d276bbe,1,0,1600000031,0,3,407
b4a528955b84f584974e92d025a75d1f,1,0,1600000340,2,0,596
b1eec33c726a60554bc78518d5f9b32c,1,0,1600000631,1,2,891
d6c651ddcd97183b2e40bc464231c962,1,0,1600000238,1,0,522
f64eac11f2cd8f0efa196f8ad173178e,1,1,1600000576,3,2,795
4a47d2983c8bd392b120b627e0e1cab4,0,0,0,2,3,326
9c82c7143c102b71c593d98d96093fde,1,0,1600000626,3,0,12
500e75a036dc2d7d2fec5da1b71d36cc,1,0,1600000301,3,2,114
ae0eb3eed39d2bcef4622b2499a05fe6,1,0,1600000737,4,0,499
1ecfb463472ec9115b10c292ef8bc986,1,0,1600000941,4,2,859
e70611883d2760c8bbafb4acb29e3446,1,1,1600000906,2,2,763
6081594975a764c8e3a691fa2b3a321d,1,1,1600000578,3,0,12
19bc916108fc6938f52cb96f7e087941,0,0,0,2,0,84
07c5807d0d927dcd0980f86024e5208b,1,0,1600000489,2,4,412
d14220ee66aeec73c49038385428ec4c,1,0,1600000206,1,3,40
8df707a948fac1b4a0f97aa554886ec8,1,0,1600000770,0,1,402
e7f8a7fb0b77bcb3b283af5be021448f,1,1,1600000702,2,4,148
788d986905533aba051261497ecffcbb,1,1,1600000433,3,1,318
50c3d7614917b24303ee6a220679dab3,1,1,1600000107,4,4,180
2afe4567e1bf64d32a5527244d104cea,1,1,1600000210,3,0,386
5f2c22cb4a5380af7ca75622a6426917,0,0,0,2,0,434
aba3b6fd5d186d28e06ff97135cade7f,1,0,1600000211,4,3,192
c8ed21db4f678f3b13b9d5ee16489088,1,0,1600000060,4,0,906
08419be897405321542838d77f855226,1,1,1600000358,4,1,788
7f1171a78ce0780a2142a6eb7bc4f3c8,1,1,1600000774,4,1,85
82f2b308c3b01637c607ce05f52a2fed,1,1,1600000461,1,0,320
0d3180d672e08b4c5312dcdafdf6ef36,1,0,1600000367,3,1,513
fb89705ae6d743bf1e848c206e16a1d7,1,0,1600000504,3,2,718
d4c2e4a3297fe25a71d030b67eb83bfc,1,0,1600000727,4,3,962
5751ec3e9a4feab575962e78e006250d,1,1,1600000492,3,4,222
d5cfead94f5350c12c322b5b664544c1,0,0,0,4,1,405
59c33016884a62116be975a9bb8257e3,1,1,1600000774,3,3,372
ba3866600c3540f67c1e9575e213be0a,1,0,1600000394,4,0,403
6c29793a140a811d0c45ce03c1c93a28,1,0,1600000010,4,1,153
e995f98d56967d946471af29d7bf99f1,1,1,1600000942,1,3,238
6cd67d9b6f0150c77bda2eda01ae484c,1,1,1600000572,2,2,247
6bc24fc1ab650b25b4114e93a98f1eba,0,0,0,2,1,451
a5cdd4aa0048b187f7182f1b9ce7a6a7,1,0,1600000579,1,4,104
217eedd1ba8c592db97d0dbe54c7adfc,1,1,1600000944,3,0,459
df263d996281d984952c07998dc54358,0,0,0,3,3,154
edfbe1afcf9246bb0d40eb4d8027d90f,1,1,1600000549,1,2,441
2e65f2f2fdaf6c699b223c61b1b5ab89,1,0,1600000936,3,3,595
e94550c93cd70fe748e6982b3439ad3b,1,1,1600000754,1,4,647
5c572eca050594c7bc3c36e7e8ab9550,1,1,1600000770,4,3,320
0537fb40a68c18da59a35c2bfe1ca554,1,1,1600000225,3,0,617
5f0f5e5f33945135b874349cfbed4fb9,0,0,0,3,0,125
185e65bc40581880c4f2c82958de8cfe,1,1,1600000380,3,2,140
8d317bdcf4aafcfc22149d77babee96d,1,1,1600000352,0,0,245
e49b8b4053df9505e1f48c3a701c0682,1,0,1600000145,4,0,637
b056eb1587586b71e2da9acfe4fbd19e,0,0,0,0,0,520
b137fdd1f79d56c7edf3365fea7520f2,0,0,0,1,0,131
912d2b1c7b2826caf99687388d2e8f7c,1,0,1600000375,2,0,328
a1d33d0dfec820b41b54430b50e96b5c,1,1,1600000206,0,3,449
6f2268bd1d3d3ebaabb04d6b5d099425,1,0,1600000092,3,0,732
872488f88d1b2db54d55bc8bba2fad1b,0,0,0,2,4,765
ccb0989662211f61edae2e26d58ea92f,1,0,1600000646,2,4,9
2823f4797102ce1a1aec05359cc16dd9,1,1,1600000920,0,2,371
470e7a4f017a5476afb7eeb3f8b96f9b,1,1,1600000132,4,2,176
bf62768ca46b6c3b5bea9515d1a1fc45,1,1,1600000313,2,1,285
fa14d4fe2f19414de3ebd9f63d5c0169,1,0,1600000029,0,3,379
2ca65f58e35d9ad45bf7f3ae5cfd08f1,1,0,1600000352,1,2,167
88ae6372cfdc5df69a976e893f4d554b,0,0,0,0,4,741
06997f04a7db92466a2baa6ebc8b872d,1,1,1600000280,0,2,653
eefc9e10ebdc4a2333b42b2dbb8f27b6,1,0,1600000948,4,1,202
5807a685d1a9ab3b599035bc566ce2b9,1,1,1600000512,4,0,335
d840cc5d906c3e9c84374c8919d2074e,0,0,0,3,2,63
959a557f5f6beb411fd954f3f34b21c3,1,0,1600000822,2,1,506
f2201f5191c4e92cc5af043eebfd0946,0,0,0,3,4,387
3a835d3215755c435ef4fe9965a3f2a0,0,0,0,1,0,776
288cc0ff022877bd3df94bc9360b9c5d,1,1,1600000504,3,1,318
4ea06fbc83cdd0a06020c35d50e1e89a,1,1,1600000866,2,0,107
b7ee6f5f9aa5cd17ca1aea43ce848496,0,0,0,4,1,232
e57c6b956a6521b28495f2886ca0977a,0,0,0,0,3,392
86b122d4358357d834a87ce618a55de0,1,0,1600000710,2,2,642
4e0928de075538c593fbdabb0c5ef2c3,1,0,1600000676,1,4,894
c0f168ce8900fa56e57789e2a2f2c9d0,1,1,1600000315,0,1,490
8c6744c9d42ec2cb9e8885b54ff744d0,0,0,0,1,1,93
f1c1592588411002af340cbaedd6fc33,1,0,1600000958,4,1,550
e07413354875be01a996dc560274708e,1,1,1600000927,4,2,426
67d96d458abdef21792e6d8e590244e7,1,0,1600000221,1,1,692
a8e864d04c95572d1aece099af852d0a,1,1,1600000038,2,1,874
7143d7fbadfa4693b9eec507d9d37443,0,0,0,3,3,739
72da7fd6d1302c0a159f6436d01e9eb0,1,0,1600000463,1,0,907
6e0721b2c6977135b916ef286bcb49ec,1,1,1600000313,1,0,704
fc8001f834f6a5f0561080d134d53d29,1,1,1600000148,4,4,807
4b04a686b0ad13dce35fa99fa4161c65,1,1,1600000034,1,3,899
61b4a64be663682e8cb037d9719ad8cd,0,0,0,2,4,518
3621f1454cacf995530ea53652ddf8fb,1,0,1600000101,3,3,123
c15da1f2b5e5ed6e6837a3802f0d1593,0,0,0,4,0,565
68053af2923e00204c3ca7c6a3150cf7,1,1,1600000197,4,3,338
2dace78f80bc92e6d7493423d729448e,1,1,1600000422,3,0,848
df7f28ac89ca37bf1abd2f6c184fe1cf,1,0,1600000782,4,0,256
96ea64f3a1aa2fd00c72faacf0cb8ac9,1,1,1600000979,1,3,335
da8ce53cf0240070ce6c69c48cd588ee,0,0,0,2,4,218
82489c9737cc245530c7a6ebef3753ec,1,1,1600000550,4,2,976
7c590f01490190db0ed02a5070e20f01,0,0,0,3,0,871
35cf8659cfcb13224cbd47863a34fc58,1,1,1600000432,4,1,765
beb22fb694d513edcf5533cf006dfeae,1,1,1600000231,2,0,705
9e3cfc48eccf81a0d57663e129aef3cb,1,0,1600000307,3,0,996
28267ab848bcf807b2ed53c3a8f8fc8a,1,0,1600000045,4,2,917
7a53928fa4dd31e82c6ef826f341daec,1,1,1600000050,2,1,978
1905aedab9bf2477edc068a355bba31a,1,0,1600000364,3,0,708
1141938ba2c2b13f5505d7c424ebae5f,1,1,1600000385,1,4,945
1aa48fc4880bb0c9b8a3bf979d3b917e,1,1,1600000338,2,1,822
dc5689792e08eb2e219dce49e64c885b,1,1,1600000908,4,1,203
846c260d715e5b854ffad5f70a516c88,1,1,1600000176,2,2,764
d58072be2820e8682c0a27c0518e805e,0,0,0,1,2,511
6e7b33fdea3adc80ebd648fffb665bb8,1,1,1600000743,3,0,816
a8ecbabae151abacba7dbde04f761c37,1,0,1600000053,3,1,85
32b30a250abd6331e03a2a1f16466346,1,1,1600000029,0,2,635
b6edc1cd1f36e45daf6d7824d7bb2283,0,0,0,3,0,198
670e8a43b246801ca1eaca97b3e19189,1,1,1600000474,1,3,416
81e74d678581a3bb7a720b019f4f1a93,1,0,1600000874,4,0,473
e0cf1f47118daebc5b16269099ad7347,1,1,1600000147,3,3,367
96b9bff013acedfb1d140579e2fbeb63,1,0,1600000753,0,4,942
71ad16ad2c4d81f348082ff6c4b20768,1,1,1600000527,4,2,298
43fa7f58b7eac7ac872209342e62e8f1,0,0,0,1,2,583
31839b036f63806cba3f47b93af8ccb5,1,1,1600000174,2,4,904
f0adc8838f4bdedde4ec2cfad0515589,1,0,1600000697,0,2,871
3b5dca501ee1e6d8cd7b905f4e1bf723,1,1,1600000551,1,0,372
e2a2dcc36a08a345332c751b2f2e476c,1,1,1600000810,1,1,992
4558dbb6f6f8bb2e16d03b85bde76e2c,1,1,1600000850,2,0,163
afda332245e2af431fb7b672a68b659d,1,1,1600000741,2,3,885
632cee946db83e7a52ce5e8d6f0fed35,1,0,1600000428,0,4,445
677e09724f0e2df9b6c000b75b5da10d,0,0,0,0,1,804
d554f7bb7be44a7267068a7df88ddd20,1,1,1600000638,4,3,439
795c7a7a5ec6b460ec00c5841019b9e9,1,1,1600000069,1,2,167
fa3a3c407f82377f55c19c5d403335c7,1,1,1600000528,3,1,798
c2626d850c80ea07e7511bbae4c76f4b,1,1,1600000787,1,4,34
ce78d1da254c0843eb23951ae077ff5f,1,0,1600000694,1,0,330
8e82ab7243b7c66d768f1b8ce1c967eb,1,0,1600000182,2,3,359
e0ec453e28e061cc58ac43f91dc2f3f0,1,1,1600000595,4,1,146
7250eb93b3c18cc9daa29cf58af7a004,1,0,1600000616,4,3,204
013a006f03dbc5392effeb8f18fda755,1,1,1600000460,3,4,411
301ad0e3bd5cb1627a2044908a42fdc2,0,0,0,1,3,933
4d5b995358e7798bc7e9d9db83c612a5,1,0,1600000895,4,4,318
ab88b15733f543179858600245108dd8,1,1,1600000010,4,1,947
b0b183c207f46f0cca7dc63b2604f5cc,1,1,1600000579,1,2,276
f9028faec74be6ec9b852b0a542e2f39,1,0,1600000590,2,2,377
8f7d807e1f53eff5f9efbe5cb81090fb,1,0,1600000427,3,4,118
fa83a11a198d5a7f0bf77a1987bcd006,1,0,1600000269,4,0,52
02a32ad2669e6fe298e607fe7cc0e1a0,0,0,0,4,3,887
fc3cf452d3da8402bebb765225ce8c0e,1,1,1600000526,2,4,68
3d8e28caf901313a554cebc7d32e67e5,1,0,1600000613,3,1,826
e97ee2054defb209c35fe4dc94599061,1,1,1600000311,2,4,20
b86e8d03fe992d1b0e19656875ee557c,1,0,1600000185,3,3,71
84f7e69969dea92a925508f7c1f9579a,1,1,1600000801,3,0,1
f4552671f8909587cf485ea990207f3b,0,0,0,3,3,366
362e80d4df43b03ae6d3f8540cd63626,1,1,1600000981,2,4,235
fe8c15fed5f808006ce95eddb7366e35,0,0,0,0,3,352
1efa39bcaec6f3900149160693694536,1,1,1600000505,3,2,435
92fb0c6d1758261f10d052e6e2c1123c,0,0,0,2,3,888
22ac3c5a5bf0b520d281c122d1490650,0,0,0,3,1,240
aff1621254f7c1be92f64550478c56e6,1,1,1600000113,3,0,476
f7e9050c92a851b0016442ab604b0488,1,0,1600000565,1,3,56
addfa9b7e234254d26e9c7f2af1005cb,1,1,1600000453,3,2,238
8c235f89a8143a28a1d6067e959dd858,1,1,1600000232,2,0,380
847cc55b7032108eee6dd897f3bca8a5,1,1,1600000048,0,3,591
a67f096809415ca1c9f112d96d27689b,0,0,0,1,3,636
2a084e55c87b1ebcdaad1f62fdbbac8e,1,1,1600000100,0,1,172
fc49306d97602c8ed1be1dfbf0835ead,1,0,1600000513,3,2,95
f9a40a4780f5e1306c46f1c8daecee3b,1,1,1600000566,1,2,58
5ec91aac30eae62f4140325d09b9afd0,1,1,1600000157,2,3,32
19b650660b253761af189682e03501dd,1,0,1600000446,3,2,443
1fc214004c9481e4c8073e85323bfd4b,1,1,1600000960,3,3,829
3b3dbaf68507998acd6a5a5254ab2d76,1,1,1600000538,2,0,573
ca8155f4d27f205953f9d3d7974bdd70,0,0,0,2,2,975
ede7e2b6d13a41ddf9f4bdef84fdc737,1,0,1600000352,3,2,144
dd45045f8c68db9f54e70c67048d32e8,1,0,1600000469,1,2,932
49c9adb18e44be0711a94e827042f630,1,0,1600000384,2,0,721
22fb0cee7e1f3bde58293de743871417,1,1,1600000465,4,4,223
aeb3135b436aa55373822c010763dd54,1,1,1600000963,0,0,446
43feaeeecd7b2fe2ae2e26d917b6477d,1,0,1600000192,0,3,670
98d6f58ab0dafbb86b083a001561bb34,1,0,1600000226,4,2,382
51ef186e18dc00c2d31982567235c559,1,0,1600000197,3,0,836
4b0a59ddf11c58e7446c9df0da541a84,1,0,1600000272,1,4,803
67d16d00201083a2b118dd5128dd6f59,1,1,1600000098,0,4,558
352407221afb776e3143e8a1a0577885,1,0,1600000993,3,3,722
dd8eb9f23fbd362da0e3f4e70b878c16,1,1,1600000807,1,4,629
d516b13671a4179d9b7b458a6ebdeb92,1,0,1600000281,4,4,963
1f50893f80d6830d62765ffad7721742,1,1,1600000831,0,3,371
7504adad8bb96320eb3afdd4df6e1f60,1,0,1600000261,2,1,238
6c3cf77d52820cd0fe646d38bc2145ca,1,1,1600000833,2,1,359
210f760a89db30aa72ca258a3483cc7f,1,0,1600000867,1,1,712
170c944978496731ba71f34c25826a34,0,0,0,0,4,952
0efe32849d230d7f53049ddc4a4b0c60,1,0,1600000659,4,4,41
704afe073992cbe4813cae2f7715336f,1,0,1600000990,2,0,765
7ce3284b743aefde80ffd9aec500e085,1,1,1600000472,3,4,505
0a113ef6b61820daa5611c870ed8d5ee,1,1,1600000870,2,1,96
07871915a8107172b3b5dc15a6574ad3,1,1,1600000496,0,0,550
024d7f84fff11dd7e8d9c510137a2381,1,0,1600000338,0,4,203
cfbce4c1d7c425baf21d6b6f2babe6be,0,0,0,4,1,577
c2aee86157b4a40b78132f1e71a9e6f1,1,0,1600000541,4,2,787
d56b9fc4b0f1be8871f5e1c40c0067e7,0,0,0,3,3,117
4b0250793549726d5c1ea3906726ebfe,1,1,1600000852,0,3,269
20aee3a5f4643755a79ee5f6a73050ac,1,0,1600000939,2,1,354
061412e4a03c02f9902576ec55ebbe77,1,0,1600000203,1,3,637
5705e1164a8394aace6018e27d20d237,0,0,0,3,1,547
a64c94baaf368e1840a1324e839230de,0,0,0,1,4,18
01882513d5fa7c329e940dda99b12147,1,1,1600000400,1,0,272
acf4b89d3d503d8252c9c4ba75ddbf6d,1,0,1600000691,0,3,691
892c91e0a653ba19df81a90f89d99bcd,1,1,1600000186,2,3,991
b6a1085a27ab7bff7550f8a3bd017df8,0,0,0,2,0,94
aa169b49b583a2b5af89203c2b78c67c,0,0,0,1,0,599
f47d0ad31c4c49061b9e505593e3db98,1,0,1600000478,4,0,916
f57a2f557b098c43f11ab969efe1504b,0,0,0,4,2,717
c8fbbc86abe8bd6a5eb6a3b4d0411301,0,0,0,4,4,967
621461af90cadfdaf0e8d4cc25129f91,1,1,1600000571,1,3,282
8b6dd7db9af49e67306feb59a8bdc52c,0,0,0,3,3,706
a4300b002bcfb71f291dac175d52df94,0,0,0,3,4,789
e205ee2a5de471a70c1fd1b46033a75f,1,0,1600000248,3,3,452
b56a18e0eacdf51aa2a5306b0f533204,1,0,1600000402,4,1,945
2a9d121cd9c3a1832bb6d2cc6bd7a8a7,1,1,1600000277,0,3,184
8b5040a8a5baf3e0e67386c2e3a9b903,1,0,1600000183,1,3,698
7634ea65a4e6d9041cfd3f7de18e334a,1,1,1600000098,3,1,288
24896ee4c6526356cc127852413ea3b4,1,0,1600000143,3,2,244
23ce1851341ec1fa9e0c259de10bf87c,1,1,1600000187,1,2,819
da0d1111d2dc5d489242e60ebcbaf988,1,0,1600000988,0,3,405
1e056d2b0ebd5c878c550da6ac5d3724,1,1,1600000108,3,3,520
3e89ebdb49f712c7d90d1b39e348bbbf,1,0,1600000650,4,3,683
6d0f846348a856321729a2f36734d1a7,1,1,1600000445,3,4,591
430c3626b879b4005d41b8a46172e0c0,1,1,1600000987,4,2,115
ccc0aa1b81bf81e16c676ddb977c5881,1,0,1600000564,1,0,890
c4015b7f368e6b4871809f49debe0579,1,1,1600000639,1,1,752
bea5955b308361a1b07bc55042e25e54,1,0,1600000146,4,3,456
7fa732b517cbed14a48843d74526c11a,1,0,1600000906,3,2,276
cbb6a3b884f4f88b3a8e3d44c636cbd8,1,0,1600000310,4,1,241
1f4477bad7af3616c1f933a02bfabe4e,1,1,1600000964,2,1,618
d045c59a90d7587d8d671b5f5aec4e7c,1,1,1600000880,3,3,579
0d0871f0806eae32d30983b62252da50,1,0,1600000841,4,2,339
1cc3633c579a90cfdd895e64021e2163,0,0,0,1,2,401
9f53d83ec0691550f7d2507d57f4f5a2,1,0,1600000859,0,0,240
d2ed45a52bc0edfa11c2064e9edee8bf,0,0,0,4,0,823
043c3d7e489c69b48737cc0c92d0f3a2,1,1,1600000730,2,2,545
4daa3db355ef2b0e64b472968cb70f0d,1,1,1600000580,0,2,985
e820a45f1dfc7b95282d10b6087e11c0,1,1,1600000043,3,1,80
90794e3b050f815354e3e29e977a88ab,1,1,1600000585,2,2,144
b7892fb3c2f009c65f686f6355c895b5,1,0,1600000167,0,1,830
74bba22728b6185eec06286af6bec36d,1,0,1600000402,4,3,698
3df1d4b96d8976ff5986393e8767f5b2,1,0,1600000422,4,4,166
8d6dc35e506fc23349dd10ee68dabb64,1,0,1600000770,4,4,78
92262bf907af914b95a0fc33c3f33bf6,0,0,0,2,1,164
b55ec28c52d5f6205684a473a2193564,1,1,1600000407,3,2,340
2f885d0fbe2e131bfc9d98363e55d1d4,1,1,1600000709,2,1,941
64223ccf70bbb65a3a4aceac37e21016,1,0,1600000119,1,4,826
4b6538a44a1dfdc2b83477cd76dee98e,1,1,1600000660,0,3,391
c8c41c4a18675a74e01c8a20e8a0f662,1,1,1600000668,4,4,555
c4b31ce7d95c75ca70d50c19aef08bf1,1,1,1600000186,4,1,97
58e4d44e550d0f7ee0a23d6b02d9b0db,1,0,1600000749,1,0,405
3cef96dcc9b8035d23f69e30bb19218a,1,0,1600000676,1,4,233
a3d68b461bd9d3533ee1dd3ce4628ed4,1,1,1600000116,3,3,332
1c1d4df596d01da60385f0bb17a4a9e0,0,0,0,1,1,833
e6cb2a3c14431b55aa50c06529eaa21b,0,0,0,4,4,482
9232fe81225bcaef853ae32870a2b0fe,1,0,1600000204,4,2,358
6395ebd0f4b478145ecfbaf939454fa4,1,1,1600000249,4,1,739
ef4e3b775c934dada217712d76f3d51f,1,1,1600000945,3,4,708
168908dd3227b8358eababa07fcaf091,1,1,1600000280,3,2,920
2ba596643cbbbc20318224181fa46b28,1,0,1600000243,3,2,682
d240e3d38a8882ecad8633c8f9c78c9b,1,1,1600000918,2,2,491
0f840be9b8db4d3fbd5ba2ce59211f55,1,0,1600000382,1,2,357
437d7d1d97917cd627a34a6a0fb41136,0,0,0,2,3,567
d707329bece455a462b58ce00d1194c9,1,0,1600000746,0,1,677
5c936263f3428a40227908d5a3847c0b,1,1,1600000338,0,0,546
1ce927f875864094e3906a4a0b5ece68,1,0,1600000064,3,1,676
8065d07da4a77621450aa84fee5656d9,1,0,1600000677,0,2,626
eeb69a3cb92300456b6a5f4162093851,1,0,1600000379,4,2,89
4e0cb6fb5fb446d1c92ede2ed8780188,1,0,1600000470,0,2,283
6cfe0e6127fa25df2a0ef2ae1067d915,1,1,1600000249,2,0,701
8f468c873a32bb0619eaeb2050ba45d1,1,0,1600000522,1,4,317
e744f91c29ec99f0e662c9177946c627,1,1,1600000129,2,4,348
89fcd07f20b6785b92134bd6c1d0fa42,0,0,0,0,1,96
6602294be910b1e3c4571bd98c4d5484,1,0,1600000683,1,3,297
c22abfa379f38b5b0411bc11fa9bf92f,1,1,1600000704,3,1,273
ca75910166da03ff9d4655a0338e6b09,0,0,0,4,0,925
4311359ed4969e8401880e3c1836fbe1,1,0,1600000356,1,2,175
92977ae4d2ba21425a59afb269c2a14e,1,0,1600000054,2,0,799
9c01802ddb981e6bcfbec0f0516b8e35,0,0,0,3,2,450
cc1aa436277138f61cda703991069eaf,1,0,1600000778,3,3,895
2ab56412b1163ee131e1246da0955bd1,0,0,0,0,2,562
c32d9bf27a3da7ec8163957080c8628e,0,0,0,1,2,291
d79aac075930c83c2f1e369a511148fe,1,1,1600000703,2,2,909
287e03db1d99e0ec2edb90d079e142f3,0,0,0,4,1,415
fec8d47d412bcbeece3d9128ae855a7a,0,0,0,0,1,39
6aab1270668d8cac7cef2566a1c5f569,1,1,1600000487,1,0,328
d93ed5b6db83be78efb0d05ae420158e,1,0,1600000451,1,0,622
54a367d629152b720749e187b3eaa11b,1,1,1600000873,3,1,844
fe7ee8fc1959cc7214fa21c4840dff0a,1,1,1600000820,1,3,420
df6d2338b2b8fce1ec2f6dda0a630eb0,1,0,1600000884,3,1,443
9908279ebbf1f9b250ba689db6a0222b,1,0,1600000184,4,0,171
a1140a3d0df1c81e24ae954d935e8926,1,0,1600000644,3,2,410
4fac9ba115140ac4f1c22da82aa0bc7f,1,1,1600000702,4,0,634
692f93be8c7a41525c0baf2076aecfb4,0,0,0,2,0,2
860320be12a1c050cd7731794e231bd3,1,0,1600000583,1,3,30
7b13b2203029ed80337f27127a9f1d28,1,1,1600000066,4,3,167
934815ad542a4a7c5e8a2dfa04fea9f5,1,1,1600000321,3,4,852
2bcab9d935d219641434683dd9d18a03,1,1,1600000283,4,4,151
0b8aff0438617c055eb55f0ba5d226fa,0,0,0,1,1,827
ec5aa0b7846082a2415f0902f0da88f2,1,1,1600000159,4,3,921
9ab0d88431732957a618d4a469a0d4c3,1,1,1600000089,3,2,921
b706835de79a2b4e80506f582af3676a,1,1,1600000066,0,4,412
